023406156015ef87f99521f3b343f71f
482,449,474,458,398,415,550,453,411,481,569,725,692,558,791,594,644,423,433,392,635,759,647,594,737,633,746,575,713,779,701,731,954,774,668,622,671,718,802,882,892,900,985,692,691,664,854,774,810,811,697,882,890,704,795,614,661,633,619,620,590,492,477,547,528,476,580,548,461,474,422,414,520,532,744,705,619,633,507,492,540,460,624,445,426,467,562,376,447,461,457,437,505,424,443,465,453,370,410,471,553,420,488,412,395,400,413,323,471,432,397,390,515,382,412,522,456,455,402,395,415,414,440,571,376,383,429,455,434,402,433,323,417,406,413,498,436,465,564,350,351,341,280,357,407,372,329,385,393,424,417,591,536,530,407,479,665,449,609,526,425,483,454,484,390,407,517,359,394,398,443,541,529,469,430,394,476,516,340,443,414,403,454
26,59,61,48,65,58,102,92,53,58,77,108,128,72,76,88,38,41,133,104,123,169,150,113,225,133,189,147,156,172,142,134,192,174,97,175,219,224,154,160,139,141,177,120,131,105,132,161,98,200,154,127,85,108,74,49,63,31,35,41,49,38,44,32,50,45,54,53,108,27,55,58,73,39,58,49,46,142,38,34,53,45,29,32,48,26,64,26,61,36,49,58,31,53,53,42,33,34,34,33,33,31,49,32,35,35,51,36,44,25,27,35,38,35,35,16,36,35,43,45,22,53,39,38,44,30,35,17,34,56,30,62,45,40,48,33,32,29,29,31,26,21,50,43,51,33,25,23,35,27,28,90,53,62,47,69,72,27,71,40,39,58,42,34,47,38,41,41,44,49,46,33,49,39,63,65,44,75,41,46,48,49,57
0,0,0,0,1,0,0,3,0,0,1,1,0,0,0,0,0,3,0,0,2,2,0,0,0,0,2,2,1,5,8,5,8,4,12,14,7,8,10,15,6,7,7,4,6,6,17,8,7,13,10,19,5,10,11,7,8,4,7,5,3,7,8,2,6,8,5,5,4,6,2,6,9,4,5,7,3,7,5,7,5,2,3,3,2,7,4,4,13,9,7,12,4,6,4,11,5,4,2,2,3,4,4,3,4,2,7,2,4,7,8,5,3,7,9,6,2,11,4,4,4,6,9,9,3,8,2,5,9,6,2,10,5,0,7,7,5,7,7,12,3,2,3,9,13,2,10,8,6,4,3,11,3,6,7,7,6,5,3,4,1,5,7,12,5,7,8,11,6,2,4,8,3,4,10,11,5,8,4,4,4,11,9
ffd47cf9cb66d226575336f0fa42ae25
179,80,66,95,104,86,124,62,118,75,64,67,82,101,136,89,67,97,74,119,64,99,44,91,109,78,49,31,83,62,73,87,83,77,58,57,72,78,61,58,111,58,68,70,122,116,67,91,81,67,62,75,94,81,84,73,81,84,149,102,108,78,97,66,82,64,111,59,141,100,117,107,124,99,118,96,84,95,167,141,166,195,132,86,137,134,164,121,132,111,137,121,102,124,56,85,93,96,64,55,63,62,80,46,90,101,77,114,43,86,69,59,75,84,82,75,89,104,92,87,79,95,56,57,89,114,106,77,82,92,111,94,209,65,116,161,89,93,87,100,72,87,75,83,99,81,81,49,64,55,119,84,48,70,58,46,51,124,70,101,86,54,58,49,86,61,65,71,50,89,55,147,118,145,129,74,60,71,99,77,93,68,55
4,4,3,11,3,4,1,5,1,5,9,9,6,2,5,5,8,55,19,20,4,4,4,10,3,11,5,6,11,11,3,7,11,6,5,26,6,3,5,10,5,3,21,4,5,4,17,6,14,10,6,14,10,7,7,13,7,26,19,26,18,10,12,8,4,13,8,2,9,13,7,10,10,18,10,5,7,4,9,7,7,48,7,5,13,4,2,1,12,8,7,10,3,5,4,1,5,4,10,12,5,11,12,5,12,64,10,2,2,45,8,8,5,0,4,5,7,24,4,1,8,6,8,3,17,6,6,5,2,18,11,5,2,7,6,6,3,2,3,0,4,10,3,1,16,15,26,1,2,7,16,4,16,106,4,13,5,159,47,23,21,33,5,7,4,12,8,11,4,8,13,32,47,28,4,7,8,19,17,11,5,5,10
0,0,0,0,0,0,0,0,0,0,0,0,0,0,0,1,0,0,0,0,0,0,0,0,0,0,0,0,0,0,0,1,4,0,0,0,0,1,1,1,0,3,6,0,2,0,2,1,1,2,3,3,0,4,1,0,1,2,1,2,0,1,1,0,0,2,1,0,0,1,1,0,0,0,0,0,1,0,1,0,0,2,2,2,3,1,1,0,1,0,0,1,0,0,1,0,1,0,2,0,1,1,1,2,1,3,1,0,0,0,0,0,2,3,0,2,0,2,1,1,0,0,0,0,0,0,1,1,0,1,0,0,0,1,0,3,0,0,1,0,0,0,0,1,2,0,1,0,0,0,2,0,0,0,1,0,0,2,0,2,2,3,1,1,0,1,2,0,1,7,4,5,0,2,8,0,5,0,2,0,0,1,1
2b7fedeea967becd9408b896de8ff903
7,4,3,5,3,7,3,6,1,3,4,13,5,5,2,5,3,3,3,5,6,3,1,30,6,7,6,10,4,5,13,18,15,7,5,8,8,8,8,8,4,36,13,6,14,21,17,11,8,9,9,7,7,7,4,4,5,6,10,0,30,2,11,11,6,7,9,8,10,5,8,12,35,17,24,14,5,2,5,0,3,7,0,3,1,2,4,1,1,1,2,5,2,1,8,31,5,5,6,8,1,2,5,5,1,2,5,3,2,3,8,11,5,8,105,35,59,236,270,157,31,14,3,4,18,7,10,6,10,8,26,17,156,93,181,168,16,8,10,6,7,11,10,9,5,6,0,4,8,14,2,4,0,1,5,13,12,11,6,8,10,10,11,6,3,3,6,11,10,19,10,2,15,9,5,13,1,6,1,3,1,11,7
0,1,0,0,0,0,2,2,0,0,1,0,0,2,0,0,0,0,0,0,3,0,3,0,0,1,2,1,0,0,1,2,0,1,0,0,0,0,0,0,1,30,0,1,2,0,0,1,1,0,0,0,0,1,10,0,1,1,0,0,1,1,2,0,2,2,1,0,0,6,0,1,0,0,4,0,0,0,0,0,0,0,1,2,0,0,0,0,11,2,0,0,0,0,6,0,2,0,0,1,1,0,2,1,0,0,1,0,0,3,3,2,1,0,3,0,0,0,1,0,2,0,0,0,1,0,4,0,0,1,2,0,5,0,0,0,0,0,0,0,2,0,4,0,0,1,0,0,0,1,1,0,0,1,0,0,0,0,21,1,0,0,0,0,1,0,2,0,1,0,1,2,0,0,0,1,1,1,1,1,1,1,2
0,0,0,0,0,0,0,0,0,0,0,0,0,0,0,0,0,0,0,0,0,0,0,0,0,0,0,0,0,0,0,0,0,1,0,0,0,0,0,0,1,1,0,0,0,1,0,0,0,0,0,0,0,1,0,0,0,0,0,0,0,0,0,0,1,0,0,0,0,0,0,0,0,1,0,0,0,0,0,0,0,0,0,0,0,0,0,0,0,0,0,0,0,0,0,0,0,0,0,0,0,0,0,0,0,0,0,0,0,0,0,0,0,0,0,0,0,0,0,0,0,0,0,0,0,0,0,0,0,0,0,0,0,0,0,0,1,0,0,0,0,0,0,0,0,0,0,0,0,0,0,0,0,0,0,0,0,0,0,0,0,0,0,0,0,0,0,0,0,0,0,0,0,1,0,0,0,0,0,0,0,0,0
25739ad1c56a511fcac86018ac4e49bb
30,34,55,24,28,18,41,48,39,31,43,38,24,25,21,32,34,61,33,44,24,31,43,55,66,36,48,95,44,42,74,101,75,93,76,49,64,57,63,79,65,48,76,48,81,66,61,88,47,71,68,78,87,72,111,93,124,82,148,117,125,150,74,103,104,95,105,90,120,98,79,64,112,149,130,129,104,131,148,143,123,122,177,123,88,138,92,101,98,109,92,83,121,111,163,109,122,95,135,127,154,133,168,101,92,107,93,134,136,168,156,101,67,138,127,126,121,110,148,91,213,100,151,225,258,141,205,158,217,114,148,135,172,79,208,158,166,149,113,85,153,141,131,97,159,124,91,185,115,120,123,143,184,230,127,236,162,238,215,217,167,171,278,248,199,150,177,133,175,203,144,199,156,172,153,140,293,214,274,266,178,146,158
3,5,7,12,2,29,2,8,7,4,2,18,6,6,5,7,4,1,8,5,7,46,15,3,1,4,8,10,7,23,7,21,13,8,14,32,16,13,11,4,10,4,12,6,10,13,11,11,5,6,11,7,2,11,11,30,12,11,12,13,27,21,12,15,5,14,24,5,10,10,20,5,10,15,18,16,11,16,3,23,15,21,9,9,18,7,13,5,11,13,10,4,11,16,12,15,15,18,14,17,23,12,35,12,17,56,11,19,15,14,16,24,5,10,14,29,17,16,17,14,9,22,48,41,31,24,14,19,14,11,11,23,30,44,27,13,14,16,10,9,12,7,18,20,21,13,13,13,17,12,12,13,20,16,12,28,16,24,14,20,22,21,115,27,22,17,31,17,24,49,23,29,14,57,93,26,22,24,17,22,36,26,27
1,1,0,0,0,0,0,0,0,0,0,0,0,0,0,0,0,0,0,0,0,0,0,0,0,0,1,2,0,1,1,0,0,0,2,0,0,1,1,0,2,2,1,0,1,5,0,1,1,2,0,0,1,2,3,1,1,2,1,0,2,1,1,0,0,0,2,3,3,3,0,0,0,6,5,1,3,0,2,3,0,0,3,2,2,1,3,3,3,3,1,2,1,2,4,1,2,0,1,1,2,3,11,1,4,1,2,4,3,3,2,3,0,2,5,6,1,1,2,1,4,2,5,7,4,3,2,1,2,1,2,3,6,2,1,3,4,2,2,3,4,3,2,0,2,2,3,0,3,1,2,2,9,3,7,4,4,0,4,2,4,5,1,3,0,2,1,2,6,5,6,4,2,2,0,2,2,9,3,8,1,2,3
28e32be6ba67e0c6fdfdff80ce07dfd4
47,47,49,68,67,63,47,36,58,284,143,162,142,133,107,175,290,390,363,401,349,331,385,277,249,216,231,285,216,172,226,169,225,203,161,173,144,227,181,176,163,177,157,159,145,154,165,182,197,186,168,211,182,199,174,177,178,189,218,151,238,163,139,174,156,178,217,194,171,130,164,219,244,177,172,173,182,224,197,167,184,202,196,183,199,243,172,234,168,180,181,190,194,165,260,157,134,140,216,181,201,226,282,189,196,201,123,192,210,222,302,189,135,163,189,203,243,212,307,134,184,139,136,180,186,181,212,190,252,222,245,205,200,227,199,204,194,186,177,171,134,162,185,152,200,187,160,126,143,156,186,141,276,96,133,170,224,155,145,179,176,162,215,204,197,213,218,160,154,192,184,225,287,172,136,129,132,166,167,147,191,124,137
5,14,7,3,4,14,10,7,10,27,44,32,27,35,30,42,87,72,99,93,73,61,53,18,35,20,23,40,29,32,40,20,24,32,42,53,24,32,19,31,28,27,21,78,8,24,29,31,33,44,13,34,31,12,16,27,29,20,30,34,16,71,19,22,22,19,28,17,28,18,39,37,20,19,42,35,23,29,36,13,11,25,11,11,15,40,9,8,12,14,15,14,20,3,10,21,14,25,24,39,19,32,16,16,19,20,12,13,16,9,16,14,20,27,12,33,13,19,18,17,21,14,7,11,42,67,37,6,33,25,10,21,99,10,19,25,12,61,12,18,34,41,20,20,16,17,23,6,20,18,15,10,22,8,33,53,14,23,12,82,23,27,22,18,19,17,30,9,13,19,12,11,8,11,14,31,18,22,7,15,17,6,10
0,0,0,0,0,0,0,0,1,0,2,0,1,1,0,0,0,0,0,0,1,0,0,0,0,0,1,0,1,0,2,5,5,2,3,2,2,5,3,1,1,2,2,3,1,1,3,3,3,7,0,2,3,5,3,3,1,5,6,3,2,4,5,5,2,1,5,8,3,2,2,3,10,0,4,0,3,2,3,0,6,5,7,5,3,3,3,4,1,4,5,2,1,4,1,3,1,3,5,1,0,5,8,4,1,0,1,5,6,3,4,6,4,0,2,9,4,3,3,3,6,5,3,2,4,0,5,5,5,7,2,2,5,4,3,3,10,3,3,6,2,10,5,1,3,5,1,3,7,2,7,3,5,3,7,7,4,13,4,3,0,2,4,3,4,1,2,5,4,5,1,4,1,1,0,3,2,0,3,3,3,1,2
4ee3f9c90101073c99d5440b41f07daa
34,62,43,40,56,129,19,27,17,37,12,12,18,41,16,37,15,27,30,41,18,33,28,19,30,19,22,23,45,51,38,22,14,62,26,31,30,39,35,37,31,33,26,20,27,14,29,11,27,39,28,26,18,22,31,23,39,39,42,37,38,28,16,20,27,27,12,24,14,13,19,15,14,28,25,36,25,37,35,25,27,41,34,29,38,49,36,29,23,26,26,32,44,24,19,29,29,26,23,17,19,32,29,26,16,90,13,37,13,29,19,17,60,153,22,15,16,21,16,34,23,33,23,49,32,36,19,20,16,26,52,106,38,13,19,12,21,28,48,32,25,59,45,13,7,17,14,26,17,21,15,21,17,19,17,29,23,15,24,27,41,22,35,11,36,25,13,30,20,21,20,21,19,36,85,13,29,25,39,22,28,27,22
4,4,15,2,26,8,3,5,0,0,3,11,3,20,1,5,6,2,6,2,6,16,2,3,3,2,2,6,6,1,15,1,6,6,8,6,7,2,5,4,12,0,5,6,8,0,3,0,11,3,6,1,3,3,9,15,5,4,2,2,4,6,3,6,1,5,4,5,0,1,6,0,7,1,4,8,12,8,4,2,2,3,5,8,2,4,1,2,7,4,3,3,9,2,7,4,6,6,1,3,3,3,2,7,11,7,1,1,3,2,4,15,4,2,2,1,4,7,1,3,2,3,5,2,6,6,5,4,13,7,7,1,3,1,10,6,3,3,4,6,2,3,3,2,1,2,7,2,0,1,1,5,3,11,5,8,11,5,6,4,9,11,4,21,2,2,3,14,4,7,1,13,3,4,10,5,2,8,13,11,25,3,6
0,0,0,0,0,0,0,0,0,0,0,0,0,0,0,0,0,0,0,0,0,0,0,0,0,0,0,0,0,0,2,0,0,0,0,0,0,4,0,0,0,0,0,0,3,0,0,0,0,0,0,0,0,1,1,0,0,0,0,0,2,1,0,0,0,0,1,2,0,0,2,0,0,0,0,0,2,0,1,0,0,0,0,2,0,0,0,0,0,0,0,0,0,1,1,0,1,0,1,1,0,2,0,1,0,0,0,1,0,0,0,1,0,1,0,0,0,0,1,1,0,0,3,2,0,0,1,0,1,0,0,0,0,0,0,4,1,1,0,2,0,0,1,0,0,0,0,0,0,0,0,0,0,0,1,4,0,2,0,1,1,4,0,1,1,3,0,0,0,1,0,1,1,1,0,3,0,2,0,0,0,0,0
8da51d03b8b8717431e8b902856fb45e
528,383,474,554,493,737,527,384,401,557,701,469,610,572,609,720,553,644,675,675,614,669,540,513,506,629,690,517,615,807,706,734,791,771,800,801,811,863,766,956,752,719,687,647,808,918,880,768,1036,831,766,842,824,818,941,794,681,817,779,815,791,851,696,666,690,760,876,785,836,761,652,725,779,953,1143,1155,1070,1149,1021,1035,985,995,877,944,929,857,927,1080,1019,984,787,884,960,998,963,939,931,847,842,935,881,1178,1009,914,776,852,849,805,823,991,936,658,747,857,862,992,998,923,846,852,800,852,883,905,924,932,849,936,1031,983,908,898,909,878,866,843,795,844,757,668,813,998,1024,1008,904,975,773,947,825,788,830,760,722,741,719,723,751,912,924,896,788,882,874,962,857,834,915,936,926,865,855,936,848,914,758,983,783,886,873,866,774,749,726
105,52,94,118,113,68,46,82,72,137,92,81,119,109,152,81,80,76,48,62,89,107,70,34,60,73,109,80,115,400,107,80,103,154,133,199,117,105,83,74,131,82,79,111,62,119,86,104,104,121,87,126,91,129,82,64,80,77,86,91,76,91,103,122,118,85,202,125,98,86,85,79,119,270,285,289,159,184,154,119,114,118,111,155,130,90,171,123,121,126,84,120,91,140,68,90,98,86,97,167,143,183,165,116,166,94,79,82,74,114,73,64,79,171,111,98,87,149,107,113,89,101,103,62,155,123,107,109,101,133,92,99,141,147,88,81,94,142,90,90,140,140,74,82,72,82,79,71,119,76,76,107,97,76,60,66,117,78,108,73,83,112,153,110,148,89,114,108,125,90,90,114,84,122,142,124,182,86,85,76,81,89,112
0,0,0,0,0,0,0,0,1,0,0,0,0,0,0,0,1,0,1,4,0,0,1,0,1,1,0,1,3,2,7,12,6,12,15,13,9,11,12,7,11,6,11,4,6,17,7,7,12,5,8,8,9,9,14,8,13,11,7,6,15,7,6,4,12,10,14,11,14,8,6,16,9,20,18,15,13,10,10,11,8,14,10,9,16,6,11,15,11,15,11,17,16,27,15,17,9,18,8,17,7,12,10,4,6,12,9,6,13,6,11,5,12,12,8,15,10,9,17,6,7,13,19,12,10,17,8,11,16,12,9,10,13,18,10,15,13,9,11,10,9,16,20,8,13,15,13,15,11,12,12,11,11,7,12,17,8,14,26,12,7,5,15,9,9,9,6,19,13,10,13,8,8,13,12,14,10,18,7,13,13,14,8
099cd99056bf92e5f0e384465890a804
865,864,847,876,866,1357,1534,1298,1956,1473,1446,1292,1507,1359,1401,1227,1133,1126,1143,1187,1011,1319,1180,1137,1131,1125,1017,1024,1071,953,1143,957,986,927,833,855,1068,822,905,884,919,863,991,1298,1470,1191,1311,1307,1313,926,1023,917,1011,1011,1105,1075,1047,955,896,960,962,948,1082,911,840,918,1006,1082,1039,986,863,788,1049,854,849,783,798,799,878,926,780,1070,954,862,968,950,1026,915,893,863,978,843,931,1022,921,766,786,853,790,904,857,1050,917,1102,919,1088,1348,960,840,1029,1034,945,823,1096,962,839,1144,890,926,927,953,982,999,1117,965,1053,1056,949,954,918,1754,1783,1408,1502,1510,1204,1080,1179,1026,1010,1133,1128,2766,3006,1505,1519,1204,1127,1181,1336,1229,1302,1176,1109,1005,1168,1084,1101,1139,1009,1022,940,1062,1036,1089,926,894,934,895,1141,1071,1061,1209,1217,1033,1015,1233,1291,1209,1219,1106,982,1195
179,152,229,214,280,219,321,188,327,205,193,224,236,277,218,171,126,159,144,194,135,312,159,183,172,214,173,134,185,216,206,106,143,127,146,214,154,112,106,112,101,106,122,263,304,322,199,138,197,168,130,141,154,120,158,186,201,123,115,196,139,118,112,146,155,110,140,172,96,136,114,110,127,106,163,134,111,135,130,140,142,134,145,127,174,133,149,144,113,97,119,133,112,128,112,86,88,106,144,268,106,130,126,123,108,116,147,129,145,160,129,207,151,142,115,95,119,110,126,164,128,137,196,146,147,176,214,139,131,111,395,346,407,215,173,180,150,182,132,120,159,118,625,598,194,146,152,133,195,300,202,209,175,129,143,272,129,127,128,121,170,239,131,97,96,97,140,142,111,163,167,161,160,272,233,218,158,187,175,207,193,170,176
0,2,0,0,2,0,7,1,2,0,0,1,0,2,2,0,1,0,1,1,4,2,0,1,1,1,4,6,5,13,7,8,15,11,10,27,9,9,11,10,13,17,14,24,21,16,24,11,17,21,15,15,13,13,13,32,11,10,13,14,23,16,12,17,12,13,12,19,11,11,22,14,11,11,11,14,15,17,20,20,12,19,15,8,17,21,11,15,17,15,13,10,16,13,8,19,7,10,12,11,16,15,26,10,17,24,11,15,11,14,12,19,13,17,14,26,8,7,19,19,20,22,13,23,16,10,23,14,11,20,49,43,26,27,13,16,17,17,18,17,19,16,119,94,21,19,19,23,25,35,14,32,21,20,24,27,15,15,21,15,13,27,22,16,18,12,11,15,19,23,13,24,24,22,20,18,19,21,21,39,21,19,19
8fb3cef29f2c266af4c9ecef3b780e97
584,477,469,545,644,679,625,718,779,676,737,794,960,932,552,747,563,736,848,829,1048,980,875,836,941,851,805,731,912,868,1083,958,939,1106,1155,961,933,860,909,928,1020,1019,975,962,1064,967,1081,1030,928,1220,964,1028,961,1037,977,812,1020,1030,988,834,1083,840,1004,1354,1230,994,1358,1462,1081,1141,863,881,1192,1115,1111,970,766,1164,920,1058,912,1183,1249,1184,1073,1233,1300,1154,1266,992,840,1005,1211,1038,1169,980,1028,963,928,996,965,1023,1133,1097,719,910,1117,845,807,782,924,739,825,1031,809,843,950,959,820,752,783,874,809,852,790,970,822,920,847,844,1603,1713,1550,1431,1660,1456,1151,1053,1068,896,863,987,840,974,859,1169,4501,5403,5425,5025,4854,4143,4132,4127,3684,5366,4675,4603,4266,4199,3569,3618,3478,3361,3500,3590,3238,2609,2443,3267,2656,2629,2452,2580,2199,2196,2493,2346,2368,2248,2276,2647,2338
67,75,71,92,65,89,64,100,71,44,51,108,107,89,81,105,78,91,91,161,139,144,112,72,108,148,172,93,161,123,102,135,137,140,190,203,167,109,154,85,121,78,184,124,74,109,108,115,140,95,106,102,88,90,94,101,140,104,109,131,169,148,193,241,168,139,116,102,148,157,120,104,168,174,111,175,137,142,137,150,114,148,111,192,158,186,149,133,93,96,115,136,139,99,100,113,134,101,97,118,140,90,101,99,98,87,110,94,90,103,51,63,57,156,110,72,114,78,69,91,101,134,86,115,89,75,89,75,63,69,303,303,304,321,294,237,215,137,137,127,133,131,140,160,132,529,1081,860,811,622,576,490,581,644,574,672,591,466,528,473,477,426,311,388,369,332,388,326,294,327,278,227,265,250,312,282,230,168,255,270,263,263,268
1,1,0,0,0,0,2,0,2,0,0,1,4,1,0,0,0,0,1,0,0,0,1,0,0,0,1,1,1,9,10,8,7,12,13,15,11,11,9,21,12,6,7,10,8,13,21,5,14,11,9,10,12,10,5,4,8,8,8,18,17,5,15,19,13,5,14,9,13,13,8,3,6,8,8,14,5,7,4,14,10,16,9,6,8,17,11,14,8,11,5,15,16,7,16,21,14,2,11,11,17,9,15,17,6,5,6,6,6,8,5,12,8,23,7,1,9,0,2,21,11,10,3,13,4,8,7,9,6,14,73,27,26,15,22,11,10,13,14,6,6,15,11,10,11,67,150,105,80,83,64,49,45,61,73,90,79,53,55,58,38,35,29,32,44,24,29,27,32,27,18,23,42,33,26,26,23,25,20,32,24,20,29
2e14d32266ee6b4678595f8f50c369ac
1388,1415,1503,1866,1496,1262,1483,1263,1219,1260,1486,1501,1619,1711,1639,1438,1588,1463,1502,1801,1559,1419,1414,1554,1664,1589,1595,1459,1631,2749,3261,2560,2311,2044,2214,1968,2216,1980,1820,2060,2190,2030,1791,1736,1805,1869,1713,1839,1972,2077,1753,2008,1957,1858,2010,2002,2208,2027,2082,2328,1898,1816,1776,1957,2320,2235,2272,1803,2033,1845,1904,1606,2160,1965,1985,2341,1729,1772,1743,1973,2066,2084,2119,2007,1964,1996,1980,1955,2079,1780,1659,1795,1841,2026,1837,2037,1762,1889,1805,1831,2022,1738,1901,2019,1925,1759,1666,1815,1857,1842,1861,1651,1930,2358,2475,2455,2843,2401,2120,2099,2365,2492,2155,2249,2280,2086,2024,2016,1911,1998,2090,2062,1959,1890,2068,2227,2264,2550,2515,2008,2392,2067,2330,2443,1882,2087,1804,1746,1779,2147,1816,2033,2078,1703,1735,1860,1971,1877,2032,2156,2063,1822,2192,1859,2277,1731,1906,1847,1914,2059,1938,1793,2185,2191,1826,2058,2020,1827,1971,1996,2080,2012,1972
343,275,299,358,227,337,327,308,445,337,275,290,375,306,452,557,513,263,282,234,310,446,362,366,418,381,559,519,591,1073,929,610,379,455,625,751,425,474,431,372,443,362,417,325,529,314,559,245,394,299,567,327,259,400,435,430,503,320,244,458,247,729,357,602,288,429,305,409,268,383,405,219,352,246,458,302,409,395,328,436,306,331,236,400,424,264,266,250,362,332,424,254,233,213,287,419,242,287,470,361,450,217,282,303,262,267,295,229,326,266,246,686,345,398,306,424,501,397,409,389,300,350,461,460,404,328,321,304,400,441,390,410,393,462,464,891,474,405,281,402,469,378,316,459,328,272,358,493,407,335,374,344,381,487,310,454,295,410,393,479,507,407,354,395,399,424,296,290,434,413,328,751,333,505,416,500,385,342,479,368,477,484,420
0,0,0,0,1,4,0,2,1,3,3,2,0,2,3,1,1,2,1,2,1,11,2,1,2,1,0,8,5,29,42,22,14,13,36,21,26,33,13,21,18,15,30,12,34,15,18,25,15,28,20,11,19,16,21,20,18,21,25,22,11,17,16,12,17,20,13,11,17,18,34,14,26,25,31,18,25,33,27,23,22,26,25,32,30,25,15,19,32,23,12,21,22,15,23,20,21,21,25,18,20,19,16,21,20,25,43,21,12,21,8,30,31,40,69,28,41,18,27,29,11,10,14,15,24,18,19,19,34,29,18,17,23,18,31,29,21,26,23,39,21,25,18,20,25,32,19,55,22,22,19,27,28,34,25,22,20,22,24,65,35,25,27,25,16,25,34,35,17,25,39,20,21,44,30,24,18,25,23,24,23,29,28
e087f8842fe66efa5ccee42ff791e0ca
58,99,125,273,172,313,99,132,100,94,74,120,64,88,116,83,96,94,130,196,116,120,243,81,177,63,100,113,94,84,72,85,71,87,80,97,150,109,71,85,84,66,75,69,194,168,57,89,136,49,76,104,166,258,176,117,111,229,87,193,76,65,59,60,136,52,63,61,66,65,57,61,75,84,77,73,60,78,58,56,57,66,61,77,76,129,93,93,222,108,184,61,110,115,115,95,92,109,148,128,70,86,54,79,121,154,131,89,90,176,154,107,81,157,119,95,139,175,117,107,126,277,100,120,113,79,115,77,89,143,150,73,85,82,90,88,69,112,84,94,87,91,80,66,158,40,59,175,99,113,113,57,67,85,87,110,134,103,67,65,73,125,73,72,66,98,46,48,51,69,68,119,64,56,116,87,71,72,70,65,101,58,77
10,61,84,19,69,46,17,32,16,150,219,83,139,38,6,16,33,4,4,17,7,7,4,8,6,6,24,15,5,31,12,31,24,14,4,5,27,3,7,48,24,13,4,51,66,30,57,96,31,34,36,22,29,19,17,28,5,8,10,18,2,27,3,17,20,36,31,5,10,6,4,7,6,6,7,13,88,6,12,17,10,4,4,14,11,19,46,169,36,17,18,15,24,16,16,15,11,24,12,7,40,7,6,11,33,32,5,7,1,120,91,10,37,19,14,22,18,8,40,7,52,24,19,23,8,6,26,9,24,69,43,93,60,59,27,14,10,10,3,19,14,7,11,8,17,5,14,66,42,31,9,18,6,34,14,24,34,3,7,9,49,6,13,2,34,18,9,9,5,41,58,6,4,4,28,17,292,7,6,2,6,9,8
0,0,5,0,0,0,0,0,0,0,0,1,0,0,0,0,0,0,0,0,0,0,0,0,0,0,0,1,0,1,1,0,1,0,3,0,2,4,0,0,0,2,1,0,1,2,0,3,0,2,0,0,3,0,0,3,0,4,2,4,1,0,0,0,3,1,2,1,0,0,2,0,2,3,1,3,1,0,0,3,0,6,2,1,1,5,5,2,4,2,7,0,3,1,1,6,2,2,2,7,5,3,0,1,0,1,4,1,4,0,7,1,2,2,0,1,5,0,1,1,3,5,1,3,1,1,9,0,1,2,2,1,5,1,0,1,2,2,1,2,1,0,2,1,1,1,5,2,0,0,2,0,1,1,1,0,7,1,3,0,0,0,1,0,4,4,0,1,0,0,1,1,0,1,21,1,1,1,6,0,6,5,0
c5eac1d455675dfbc99f6c70f7b3971f
26,26,71,54,33,34,101,53,36,153,42,60,25,180,7,16,23,14,103,52,57,136,21,16,9,13,42,41,23,15,23,17,16,103,41,37,26,40,79,35,34,22,56,13,116,120,111,37,87,49,70,32,24,40,56,78,83,84,27,28,27,82,28,13,84,97,12,92,24,22,17,55,49,70,28,67,33,38,43,43,19,31,27,42,16,27,33,76,58,28,29,52,42,37,28,28,36,82,27,140,72,130,101,45,29,58,51,23,60,58,31,38,47,85,90,100,61,56,40,34,38,61,34,65,74,54,36,57,49,74,31,39,87,101,31,31,27,21,43,40,31,46,40,37,33,70,42,37,58,33,35,30,118,40,27,20,23,45,25,51,72,50,19,63,78,32,44,44,64,15,14,30,27,16,24,30,34,58,16,25,34,25,35
3,2,6,4,3,2,3,33,11,63,40,59,36,62,4,16,1,2,3,4,1,0,0,0,3,0,7,1,9,87,10,6,19,4,240,2,8,7,7,1,29,1,15,19,35,9,26,12,7,51,31,6,13,10,6,11,3,3,4,0,1,7,2,4,4,13,5,2,3,24,1,2,2,1,4,11,52,5,1,4,15,34,6,0,1,26,45,2,9,1,17,0,23,2,5,4,0,3,4,65,2,4,3,2,8,9,1,4,2,10,6,4,13,5,15,18,13,5,5,5,9,3,12,12,5,10,10,14,35,18,8,32,122,24,2,9,1,4,0,4,31,12,50,1,13,5,103,12,2,5,10,39,3,2,9,2,251,2,3,9,178,0,0,3,11,7,18,27,4,0,3,3,4,2,2,5,1,15,5,167,12,23,17
0,0,0,0,0,0,0,0,0,0,0,0,0,0,0,0,0,0,0,1,0,0,0,0,0,0,0,0,0,0,0,0,0,0,0,0,0,0,0,0,0,0,1,1,0,0,1,0,1,0,0,0,0,0,0,1,2,0,0,0,0,0,1,0,0,0,0,2,1,1,0,0,1,1,3,4,0,1,2,1,0,4,3,0,0,0,0,0,1,0,0,0,2,0,0,0,0,2,1,0,0,0,0,0,0,4,1,0,1,0,0,0,0,0,0,1,2,5,0,1,1,0,0,2,1,1,0,0,1,0,0,1,0,0,0,0,0,1,0,0,0,0,0,0,1,0,0,1,2,2,3,0,3,0,0,0,12,2,1,0,3,2,0,1,1,6,0,1,0,0,0,0,0,1,1,2,4,0,0,0,2,0,1
e6e2fff03cc32ee9777de2c2ed5bac30
100,91,81,64,117,97,92,86,89,93,89,92,101,104,121,117,128,147,99,131,141,108,121,137,149,131,120,132,119,139,128,210,179,142,147,135,167,168,161,186,182,164,134,186,125,140,216,176,232,174,201,159,191,168,153,226,193,143,209,204,169,142,195,145,145,140,155,122,116,155,137,179,201,171,211,159,208,169,173,174,164,185,207,202,209,183,152,219,148,170,161,174,143,172,198,175,167,162,196,148,139,162,125,138,155,219,168,198,184,143,152,128,157,176,209,161,180,189,209,252,193,202,211,280,211,206,224,192,168,168,299,356,262,249,290,306,240,298,227,209,258,231,180,244,228,203,287,237,222,185,334,213,180,195,194,198,211,201,242,207,269,205,179,245,269,196,182,193,173,192,230,198,262,200,215,272,284,210,241,413,335,224,261
40,11,50,79,35,27,7,5,16,24,15,23,25,24,28,32,38,23,100,29,19,39,27,45,20,15,32,21,27,14,21,36,61,31,32,53,37,30,25,17,19,33,29,20,43,44,41,25,35,31,36,28,22,22,20,33,40,26,37,63,16,16,20,8,20,29,20,20,53,26,28,18,18,18,44,23,45,27,27,21,102,99,30,48,35,20,20,24,19,8,19,56,18,21,17,32,17,37,27,15,19,17,21,13,29,31,29,26,24,46,23,13,37,42,48,22,301,26,75,34,21,38,32,41,41,53,24,28,23,55,33,40,31,57,32,94,54,28,60,21,37,48,30,56,50,29,46,56,69,35,41,118,27,37,23,69,34,41,51,22,31,30,28,69,21,16,48,72,69,38,66,40,83,163,22,33,33,39,71,61,54,44,60
0,2,0,0,0,2,0,0,0,0,0,1,0,0,0,0,0,1,0,0,0,1,0,0,0,0,0,1,0,0,0,3,2,3,2,1,1,1,0,1,2,1,1,2,2,1,1,1,1,3,1,4,3,5,2,2,0,0,8,6,0,3,1,1,1,3,1,2,2,3,0,0,1,2,4,3,7,3,2,3,0,2,1,3,0,4,0,3,0,0,4,1,1,3,4,3,5,3,4,3,3,7,0,2,4,3,2,5,3,1,1,2,2,2,1,4,3,1,6,1,3,2,7,3,2,3,8,5,2,2,3,1,2,3,8,1,3,2,1,3,2,1,0,3,0,3,7,1,2,1,2,4,4,2,0,6,4,6,3,2,4,5,2,5,4,2,4,6,6,4,5,4,4,4,2,4,4,4,2,1,1,7,3
4b8eb68442432c242e9242be040bacf9
1358,1127,1244,1188,1119,1239,1427,1549,1397,1280,1254,1381,1265,1203,1325,1571,1311,1324,1326,1910,3236,2300,2065,2089,1741,2170,2356,2067,1782,1832,1966,1893,1817,1964,1562,1754,2027,1694,1782,1596,1638,1874,2249,1515,1511,1349,1664,1694,1394,1506,1777,1655,1561,1791,1715,1657,1819,1432,1505,1534,1800,1432,1378,1489,1645,1673,1762,1734,1633,1559,1816,1234,1788,1512,1611,1702,1698,3972,4317,3241,3105,3143,2526,2698,2461,2183,2636,2057,2646,3347,3702,3569,2607,2745,2562,2396,2139,2070,2238,2239,2169,2453,2215,2027,2170,2126,2396,2428,3394,3708,2236,2077,2479,2333,2123,2200,2151,1844,1923,1936,1926,2042,1997,2434,1982,1977,2327,2236,2176,2037,2241,1812,2138,2176,2477,2277,2368,2638,2025,1990,2371,2325,2211,1877,2160,1944,2236,2488,1986,1796,1936,1974,1898,1630,1894,1908,1717,1948,2156,1946,1596,1915,1729,1810,2332,1904,1992,1848,2062,2003,1805,2028,2220,2255,2009,2005,2199,1784,1673,2089,2012,2116,2086
168,218,331,267,432,351,420,456,269,388,429,274,325,272,284,377,282,239,250,684,1209,1638,1015,710,403,1433,562,790,758,533,410,568,243,575,430,478,582,419,241,380,426,576,345,233,357,243,381,257,398,442,320,276,309,443,446,369,213,409,266,343,675,353,638,309,217,1429,476,410,201,397,290,266,271,487,426,325,783,3136,1282,895,683,652,506,878,699,467,562,392,507,1148,909,700,391,424,458,412,368,376,391,342,409,781,638,379,418,925,438,505,630,459,340,702,382,716,568,450,528,272,488,487,618,885,378,769,506,583,354,923,482,341,341,439,356,447,491,677,397,796,383,521,464,246,369,644,446,576,421,853,610,450,553,668,487,568,503,738,392,653,617,339,499,492,264,509,382,408,432,575,711,345,495,359,290,625,463,425,299,225,320,534,383,349,559
2,1,1,0,0,4,1,2,1,0,3,0,1,1,3,3,4,0,0,0,1,0,5,2,0,0,0,1,5,18,20,35,21,36,46,24,37,27,16,24,14,42,42,17,17,23,17,24,17,46,30,33,32,28,35,27,27,23,15,22,32,31,37,17,36,32,24,28,10,34,63,22,26,29,18,46,58,131,76,49,56,57,74,53,42,41,39,37,28,80,101,48,35,39,31,35,30,32,41,32,21,27,38,29,23,23,34,26,61,60,32,22,34,37,27,25,24,21,29,40,17,38,23,43,29,34,38,38,27,24,23,37,31,28,26,28,32,42,45,28,36,18,22,45,30,23,34,58,31,27,39,44,21,26,34,28,34,33,23,23,27,20,22,30,37,25,39,46,33,28,20,18,30,33,59,23,51,22,36,24,36,34,35
6f462b173b2d6d20a2c9fb1ec0fd2dda
257,200,300,366,332,491,1010,1115,709,457,476,436,717,543,350,306,312,280,287,262,235,245,218,321,194,271,237,453,416,346,287,320,311,337,330,366,304,280,306,285,295,385,329,329,319,353,225,299,285,406,309,275,290,310,294,247,361,256,278,234,247,243,234,349,234,245,304,299,265,230,354,265,240,290,262,271,279,346,285,231,250,218,242,238,328,197,204,245,301,285,263,337,333,258,247,329,388,977,978,946,552,365,405,419,333,418,469,521,446,351,342,325,510,383,297,273,296,277,254,322,258,255,291,305,299,254,349,307,263,352,350,424,350,445,433,469,417,411,451,373,391,353,343,288,377,301,270,391,259,266,299,268,294,291,335,334,296,447,308,391,225,280,269,301,267,311,291,223,305,298,276,310,286,289,222,242,299,244,287,259,265,230,309
73,61,87,99,104,120,304,326,163,76,85,95,91,48,85,45,51,35,59,89,42,22,26,35,24,33,83,124,85,51,41,65,87,60,49,44,54,58,51,36,47,46,57,75,53,48,57,40,46,43,25,38,56,42,35,46,46,29,30,31,20,50,61,47,48,56,112,32,25,46,68,40,36,41,35,29,31,56,50,54,53,28,45,38,31,123,36,44,109,23,22,31,41,32,22,42,161,397,294,385,133,92,140,95,67,94,64,110,94,63,90,48,42,64,23,35,55,39,65,57,40,38,36,27,98,47,51,49,41,77,69,88,88,89,107,106,94,55,73,70,97,61,83,33,47,45,48,35,35,39,56,90,74,74,58,42,40,45,57,41,40,37,36,64,43,29,41,46,45,32,48,33,29,35,29,48,48,45,51,40,45,33,101
0,1,1,1,2,2,0,1,0,1,0,0,1,0,0,1,0,0,0,0,0,0,0,0,2,0,0,1,1,6,2,3,5,1,4,5,9,1,5,3,8,7,4,2,6,9,1,4,3,7,8,4,3,5,3,3,9,3,4,6,3,5,11,6,7,3,4,8,8,10,6,3,9,10,3,6,7,10,5,1,3,5,2,3,12,4,6,5,2,8,5,12,5,5,3,4,16,25,25,16,6,5,5,4,10,12,13,12,12,3,10,12,13,10,5,1,8,8,3,6,5,3,2,7,8,4,5,2,6,8,13,17,11,14,10,10,14,18,13,15,5,9,10,4,9,7,6,9,3,4,9,4,13,4,7,4,5,5,6,7,6,5,8,12,6,6,5,4,11,4,7,10,3,4,2,7,5,3,4,4,2,11,9
9e58afbf3fea116b0050bf56bfb4442e
252,335,264,265,245,325,269,337,223,283,374,279,254,354,280,302,242,298,253,313,369,327,258,312,244,345,299,362,313,254,267,359,515,503,338,379,379,395,345,340,365,309,472,455,417,408,378,436,550,389,331,381,362,487,391,409,429,405,292,268,337,409,399,375,363,302,248,399,284,344,411,324,354,429,365,550,497,441,464,563,469,426,518,710,539,569,493,498,391,484,486,480,385,338,393,430,548,434,514,540,447,344,426,391,443,364,441,435,459,400,433,536,424,577,470,581,550,629,691,544,665,637,716,588,604,433,624,564,520,547,646,612,473,463,642,502,497,674,462,343,478,663,515,538,403,597,706,666,405,707,513,618,470,521,407,556,461,437,374,566,372,399,445,400,436,472,513,392,463,487,475,477,507,383,298,361,506,634,577,585,486,469,354
42,70,16,96,73,57,53,38,59,37,39,59,39,58,126,52,38,30,26,18,24,58,40,50,62,31,140,181,216,103,154,47,61,51,225,73,41,42,46,54,91,196,115,209,54,58,69,37,57,73,40,99,72,46,42,95,117,36,100,101,127,227,49,69,25,64,41,41,52,69,51,64,54,89,40,92,125,98,65,100,171,113,53,128,143,55,57,79,27,66,173,89,108,204,122,66,226,93,164,120,329,86,60,45,65,109,39,66,53,132,54,106,79,92,39,90,116,96,99,206,48,54,51,100,63,145,78,102,94,55,87,239,79,59,131,113,33,100,35,84,67,86,66,47,111,57,46,84,123,54,81,40,118,31,36,146,54,38,38,73,23,66,62,63,144,52,259,45,73,61,88,48,197,91,153,61,81,90,128,73,95,108,169
0,0,1,0,0,0,1,1,0,0,1,0,1,0,1,0,1,0,0,0,0,0,0,2,2,0,0,3,3,1,6,4,6,3,12,7,7,9,4,11,9,20,6,3,7,6,11,5,9,10,7,6,9,9,5,3,12,8,6,7,8,20,7,14,5,9,9,4,9,15,15,5,5,5,7,12,4,20,3,14,7,10,18,19,28,6,11,16,8,7,30,12,7,6,2,23,7,13,20,13,13,11,8,6,15,22,18,9,5,13,6,7,20,9,11,5,5,15,18,8,14,51,10,29,23,21,16,19,13,8,16,11,13,9,19,7,23,16,9,9,11,65,9,12,17,26,19,19,10,11,10,15,13,7,11,34,7,9,5,14,5,14,14,5,6,18,16,15,16,12,7,12,18,8,20,15,15,16,11,14,16,5,12
8f29cbc2a555034643d66f9e83dd7a7a
81,104,143,169,151,184,116,158,155,148,98,161,296,103,152,65,200,200,99,134,111,101,89,76,84,117,123,102,121,111,116,108,97,66,100,91,81,129,93,84,66,120,122,103,95,80,68,91,84,98,81,64,79,84,158,99,154,77,57,68,155,126,219,129,99,98,105,105,140,161,133,150,130,167,103,88,136,131,147,123,99,85,71,97,143,134,78,113,87,69,129,178,175,122,141,95,114,137,86,123,81,88,96,105,73,150,86,63,93,118,111,186,107,183,99,104,94,118,102,115,132,115,127,130,161,53,60,99,132,118,115,147,116,106,156,182,117,75,78,66,65,100,73,104,85,93,83,67,114,140,85,105,59,72,63,102,64,78,189,165,97,164,198,149,200,173,287,228,102,113,112,106,109,144,130,111,164,135,118,130,163,192,144
19,19,40,111,69,34,27,78,47,109,13,45,32,14,16,5,8,27,8,14,13,31,15,7,15,32,17,9,17,14,46,10,27,8,13,17,11,4,16,20,17,35,2,9,18,16,8,12,7,9,22,9,2,40,23,9,12,19,29,5,22,21,43,18,18,27,20,11,33,22,32,12,22,17,12,8,15,27,16,48,33,40,22,17,25,30,8,47,13,9,29,10,41,7,20,20,21,24,19,26,24,3,7,6,17,36,19,10,8,13,13,10,50,8,11,10,8,10,17,8,85,14,8,17,11,28,8,8,13,8,6,27,14,19,19,17,11,12,9,15,10,14,7,10,12,6,4,8,11,11,107,21,15,5,4,28,16,11,28,13,16,32,12,45,19,11,16,12,11,10,13,19,18,13,24,9,28,26,18,8,98,24,19
0,0,0,0,1,0,1,0,0,0,0,0,0,0,0,2,0,0,0,0,0,0,0,0,0,0,0,0,1,0,0,0,0,1,1,5,3,2,1,2,1,1,1,0,6,0,0,2,0,2,1,1,0,4,2,3,0,4,1,3,2,4,4,1,2,3,5,1,12,2,5,2,0,3,2,3,2,4,4,6,2,2,6,3,5,0,3,1,0,1,1,1,3,2,3,15,4,2,2,1,0,1,4,0,0,0,0,0,1,1,4,1,0,1,2,2,4,4,1,8,6,4,1,0,4,3,4,6,1,3,1,3,5,1,0,0,2,4,1,1,1,4,3,15,2,1,0,4,1,2,3,0,1,0,1,1,7,4,5,5,4,2,5,3,5,8,2,9,2,4,5,3,2,4,5,3,8,7,8,3,4,6,4
be0c7a23c2aa9afb45163995b9ec938c
254,327,418,399,353,405,422,395,382,347,478,406,411,460,360,416,397,475,529,375,430,457,380,476,377,353,447,346,483,316,417,474,559,441,610,419,482,559,522,576,500,612,409,504,417,629,770,825,651,598,547,559,570,550,727,583,437,595,751,554,560,627,431,604,624,1012,1110,1053,1033,851,645,692,602,678,585,682,678,724,572,495,516,636,509,563,597,685,636,786,769,707,702,711,701,633,745,634,1625,1937,1934,2374,1420,1469,1543,1517,1190,941,1003,903,892,945,989,775,675,950,941,826,943,1086,659,865,829,741,713,680,670,598,612,754,718,728,582,806,684,671,584,762,628,846,827,622,592,697,755,626,595,665,698,702,820,647,747,702,762,748,605,727,816,685,745,518,687,714,751,753,757,654,650,684,545,857,742,708,703,647,628,539,726,591,672,632,780,656,548
77,55,89,52,78,36,41,51,27,47,40,39,50,52,81,82,27,46,72,41,90,83,51,56,31,42,51,87,58,134,47,107,64,72,62,48,63,51,59,87,112,83,64,43,46,34,85,144,99,54,44,80,89,100,70,46,49,74,108,43,98,88,51,58,37,168,134,144,97,85,104,72,60,89,153,132,106,84,90,86,271,115,75,91,87,69,53,47,102,85,67,100,35,50,48,100,498,598,533,433,369,140,184,84,219,174,153,203,284,87,216,60,66,82,84,54,91,65,73,139,85,82,87,102,71,115,70,70,74,105,103,50,94,79,35,69,77,57,64,117,65,233,146,63,49,82,76,79,75,98,69,63,86,78,57,85,97,65,63,50,175,129,104,217,75,56,96,175,151,97,103,96,69,99,73,87,83,108,88,95,130,49,112
0,0,1,0,0,0,0,1,1,0,0,1,1,0,2,0,2,0,1,0,2,0,0,1,1,0,1,1,2,0,2,1,4,2,1,4,1,6,5,5,2,3,3,4,8,9,12,6,2,6,3,3,2,7,4,4,5,7,4,8,5,1,2,3,3,8,5,6,7,5,7,7,2,8,3,3,9,12,2,1,4,6,6,4,15,9,7,0,2,11,2,4,9,0,11,8,19,37,18,10,14,9,10,7,8,10,7,7,17,10,5,9,5,16,8,3,5,7,2,9,8,4,9,17,8,5,3,9,13,1,9,5,6,2,7,2,3,4,5,5,9,3,5,15,3,8,7,23,19,4,4,8,2,5,5,3,9,6,7,3,7,8,2,1,4,3,5,6,6,4,2,11,7,9,5,6,3,1,7,5,9,30,10
2ec1450a1389d4e3fc2a9a76c9378bb3
677,536,535,460,780,542,835,523,595,503,538,941,1232,2843,4634,4678,3807,2434,2501,1945,1931,1567,1555,1342,1227,1658,1221,1471,1297,1157,1293,1255,1079,1001,992,1154,1088,974,1163,937,1062,1324,1323,1160,1053,1275,1318,1045,1047,929,985,937,1125,905,990,1096,934,986,914,1090,867,870,866,829,949,939,821,886,1092,803,788,810,815,820,865,771,754,716,1012,694,730,700,682,727,888,784,933,724,691,670,740,832,782,829,829,960,857,792,890,772,901,763,806,891,716,702,741,741,814,854,714,884,856,908,844,839,736,772,880,1160,899,734,700,671,784,780,890,760,795,799,880,728,631,653,704,686,761,888,824,631,750,737,669,787,984,746,745,737,654,764,972,860,910,785,639,647,730,823,777,762,907,827,809,905,736,659,788,943,843,775,911,725,822,669,674,691,621,617,636,674,840,796,675
86,55,106,43,121,39,171,48,53,33,46,149,289,805,1083,855,563,351,375,222,187,158,175,130,162,142,137,217,189,129,92,179,146,159,206,158,162,140,109,87,147,147,154,89,91,147,69,167,192,169,132,103,74,71,126,116,110,95,119,92,82,80,106,92,217,102,130,112,111,76,99,136,71,127,72,94,102,112,65,117,74,111,114,123,146,50,96,158,138,89,80,94,181,54,77,152,103,75,51,144,91,52,116,110,105,76,67,168,56,73,86,106,160,162,144,120,74,141,163,172,144,137,122,116,103,113,142,105,53,209,184,120,198,101,120,116,155,79,177,77,121,95,90,90,129,106,111,110,49,90,77,137,100,85,114,112,101,104,90,97,70,82,79,103,92,96,124,94,78,90,67,88,92,58,52,82,63,56,63,119,135,113,141
0,1,0,1,1,0,0,0,0,0,0,0,4,2,5,0,1,0,0,0,0,0,1,1,1,0,3,5,6,6,4,9,14,7,6,6,6,6,8,8,10,7,5,4,14,10,5,13,12,9,4,8,4,7,6,6,7,7,8,2,5,5,10,10,10,7,4,14,23,6,10,5,5,8,7,9,10,8,2,12,4,2,9,7,11,4,3,2,4,3,5,5,9,5,5,3,3,4,5,12,5,1,2,8,8,9,10,4,5,3,5,12,4,5,12,3,6,5,7,7,2,2,5,7,4,5,4,8,4,13,10,6,5,5,7,4,8,2,4,5,8,3,6,5,8,8,6,4,4,6,1,3,9,6,9,7,7,9,12,12,9,8,4,9,11,14,13,5,39,3,4,10,13,5,6,6,8,7,8,7,8,5,7
5e2ef5473cbbdb335f6d51dc57845437
353,321,387,410,716,425,440,396,307,338,398,395,477,500,425,461,402,398,528,542,463,476,472,488,377,370,423,397,344,383,384,483,533,573,474,493,509,490,577,484,637,867,836,622,545,650,594,546,482,493,597,643,513,539,613,499,519,501,565,433,499,451,484,593,544,533,560,474,573,530,415,486,659,705,601,549,558,606,414,489,665,476,497,599,604,492,528,469,425,578,464,511,465,464,443,564,481,486,437,644,622,492,551,543,411,578,465,473,549,709,566,439,499,855,786,613,632,621,565,672,661,703,630,670,590,673,554,684,776,681,763,984,1013,914,1060,1098,914,852,928,849,786,940,732,712,775,784,676,769,711,699,700,708,787,603,585,666,701,683,694,550,547,571,634,615,626,634,653,671,529,645,621,666,892,721,527,556,642,619,673,669,661,601,690
48,29,59,80,49,92,59,95,35,53,50,57,58,44,70,61,58,61,82,95,105,71,74,73,41,55,38,99,55,45,60,90,92,93,59,76,91,72,61,61,98,83,54,52,94,78,67,60,60,75,56,89,64,70,91,57,46,70,55,47,47,53,71,83,61,51,67,86,63,60,107,44,83,65,134,92,89,67,62,58,84,76,70,77,103,56,57,69,89,68,80,56,43,62,60,53,58,55,105,78,58,44,38,35,54,55,61,32,46,69,58,56,87,78,80,78,91,68,120,88,80,62,77,100,71,68,61,255,49,70,128,252,238,195,206,234,207,163,209,161,177,138,131,121,107,108,123,202,74,102,97,89,94,86,71,77,91,92,76,152,70,111,47,79,71,112,132,118,74,83,93,153,96,176,92,93,85,60,91,129,66,84,86
0,0,2,0,0,0,0,0,0,0,1,0,1,1,0,0,0,0,0,0,0,0,0,0,1,1,1,0,2,2,0,9,2,13,6,7,2,8,4,8,2,4,7,2,4,7,5,4,3,5,7,5,3,6,10,7,4,2,6,8,5,3,12,6,7,2,3,4,4,4,6,3,6,2,12,8,3,8,8,8,9,9,1,8,7,4,5,3,3,11,5,9,6,5,6,9,3,6,5,2,10,12,6,3,10,6,3,9,11,5,4,3,6,11,15,3,4,9,7,11,7,6,4,7,3,4,6,8,6,3,9,14,17,11,10,15,19,18,11,7,12,4,7,9,7,4,9,10,6,7,7,9,12,8,2,11,5,6,14,5,5,32,2,2,15,6,12,8,6,9,6,11,12,6,10,6,4,5,10,10,5,9,22
9f69ffd8852196e02cfa19b5cd9bc432
56,78,78,75,66,81,136,56,70,75,64,68,150,139,250,129,89,94,71,97,113,123,207,148,92,169,77,68,102,99,100,117,118,81,108,89,125,124,119,110,83,108,146,107,95,142,104,142,187,166,100,91,109,102,148,126,115,114,131,113,139,140,90,114,90,117,107,132,113,150,102,96,100,88,93,98,90,124,147,143,126,108,79,90,110,96,104,121,115,113,119,100,146,128,148,164,83,116,77,88,122,149,100,132,111,119,98,102,114,115,141,97,92,121,105,88,109,117,113,141,85,81,105,126,127,107,218,170,157,151,143,144,87,117,140,98,83,101,115,124,112,94,182,154,115,127,90,73,107,120,97,109,166,94,107,113,147,104,110,118,73,112,156,171,109,113,117,122,113,133,133,128,127,144,123,207,158,173,185,166,157,289,254
42,9,4,7,18,4,28,8,23,12,5,21,17,23,22,9,9,7,25,13,36,9,4,7,24,11,17,19,26,17,32,28,18,22,39,31,30,34,8,8,17,10,11,12,14,9,11,18,15,22,14,14,12,18,8,25,24,14,11,6,7,21,19,17,37,32,20,13,20,12,26,10,17,5,15,7,28,9,12,13,21,3,12,9,17,10,23,20,25,10,21,25,13,7,15,14,8,16,14,16,17,17,8,11,13,7,18,15,18,17,12,7,13,6,11,8,22,33,19,12,25,24,56,18,25,21,28,10,25,29,24,30,17,23,24,34,37,23,33,37,24,24,28,28,16,12,14,15,24,30,20,9,24,31,30,27,34,17,34,45,20,48,31,39,70,35,26,40,32,22,30,40,54,46,37,45,30,29,30,32,42,84,59
0,0,0,1,0,0,0,0,0,0,0,0,0,0,0,0,0,0,0,0,0,0,0,0,0,0,0,0,0,1,0,4,1,0,2,1,0,0,0,1,0,0,1,2,1,1,1,1,6,1,0,2,3,1,1,2,0,2,1,4,0,2,1,0,2,1,1,1,2,2,2,1,2,1,0,1,3,1,1,1,1,0,1,0,1,2,3,4,1,0,0,0,0,0,1,3,0,4,1,2,1,3,0,0,3,1,1,6,4,0,3,3,2,2,1,2,2,2,4,1,0,0,7,3,6,1,1,1,1,5,2,0,0,1,3,1,0,0,1,5,0,4,0,5,5,2,0,1,2,5,11,1,1,2,0,0,5,3,4,2,2,6,2,2,7,4,1,1,1,4,6,6,2,4,8,9,4,3,1,1,4,3,3
0c80008b0a28d356026f4b1097041689
74,63,76,74,93,114,108,76,86,128,81,72,96,92,93,117,154,173,104,98,160,166,135,147,178,153,134,129,122,148,117,159,159,171,126,260,182,199,130,141,156,176,89,141,152,172,125,141,151,155,148,135,191,162,181,234,182,168,235,186,213,170,177,220,159,190,191,175,240,190,169,176,248,328,384,416,275,277,221,218,217,221,247,279,283,204,177,192,261,218,171,291,249,234,245,266,250,281,259,376,239,213,256,215,168,239,213,241,220,286,221,198,182,207,214,231,284,283,197,244,265,225,195,189,201,251,250,211,238,197,228,201,185,222,188,224,218,161,233,188,151,202,196,181,227,176,160,189,214,240,269,279,331,241,227,232,207,243,220,236,220,205,233,187,202,206,209,215,180,199,191,210,292,237,215,182,298,215,184,280,254,232,193
23,25,13,21,13,8,9,41,30,16,13,16,55,26,21,62,32,30,47,78,41,43,21,24,20,29,35,33,31,27,20,33,50,22,20,58,28,47,33,18,60,40,36,35,38,49,30,39,48,41,56,24,36,18,29,61,47,32,26,38,24,35,29,42,38,42,45,25,31,28,35,51,73,56,66,70,44,45,47,51,45,51,41,91,49,93,28,15,45,30,62,66,39,31,35,48,43,48,41,43,35,30,43,47,45,53,37,25,30,35,33,52,34,27,30,28,36,47,42,28,42,44,40,29,57,37,50,53,38,60,64,33,34,36,57,43,22,20,27,32,136,33,37,43,38,20,23,23,80,31,42,26,38,42,24,41,13,31,30,32,69,42,39,40,32,22,27,32,30,94,30,67,38,30,23,34,78,76,117,83,134,50,70
0,0,2,0,1,0,0,0,1,0,0,1,1,0,1,0,0,0,0,0,0,0,1,0,0,0,1,2,2,2,7,7,4,3,5,6,7,6,5,8,5,9,2,7,4,6,4,3,3,14,7,5,12,13,6,7,10,10,6,7,2,3,4,5,7,7,4,9,11,7,11,9,2,4,9,3,6,8,9,10,6,6,2,12,6,5,4,8,5,10,7,5,8,10,5,8,4,7,8,9,9,7,1,5,10,12,12,8,7,7,4,5,4,8,10,10,6,9,4,11,5,6,5,6,8,11,9,8,9,7,4,13,5,8,11,8,10,4,11,9,5,4,8,7,3,16,4,4,8,8,10,6,6,12,3,16,2,8,6,6,6,10,3,6,15,9,5,13,11,12,6,10,10,11,7,6,6,5,6,7,4,6,9
ac43c6ce2f9df4adfbb05edd97cecbcc
535,655,575,746,523,528,475,588,438,597,415,428,516,516,620,610,480,484,601,575,491,512,539,541,577,630,580,552,446,519,605,612,596,575,574,551,708,653,698,661,691,571,730,599,902,581,637,709,701,869,672,711,643,626,793,716,649,552,832,779,850,736,660,765,776,856,827,610,635,654,716,694,711,689,895,687,744,856,749,719,858,859,649,807,754,785,792,766,752,723,721,722,627,787,764,750,894,768,678,726,725,618,744,852,714,718,864,806,780,802,734,757,595,721,741,806,859,695,640,739,967,840,851,851,882,943,791,818,820,776,748,907,740,797,877,846,875,818,866,742,619,842,676,757,772,683,728,691,752,787,979,833,832,719,796,778,861,730,856,1031,648,1051,878,915,901,757,825,728,769,858,985,767,845,901,744,738,759,920,712,781,922,862,887
151,160,197,102,120,141,86,69,90,115,75,101,101,68,190,129,105,84,93,62,82,77,94,83,55,66,58,90,62,66,103,81,103,160,72,143,115,82,62,74,109,72,87,105,170,86,88,98,63,151,104,89,72,68,80,85,69,62,108,100,94,96,80,104,120,106,92,122,102,111,160,187,94,115,65,69,83,104,96,77,239,154,116,126,125,71,69,74,85,87,63,91,60,84,69,57,77,124,87,122,64,56,77,107,88,77,193,73,81,94,77,78,85,87,88,64,122,66,85,147,82,97,144,84,209,90,125,100,63,90,97,88,101,56,89,104,111,71,74,73,68,81,140,86,69,73,131,100,76,331,61,96,88,68,57,84,102,112,100,93,93,101,76,113,90,84,141,137,100,145,90,97,70,112,124,140,96,67,83,86,89,84,155
0,0,2,1,0,0,1,0,0,0,1,0,0,1,0,0,0,0,0,0,0,1,1,0,2,0,0,1,4,3,7,4,12,5,8,3,3,4,2,3,2,7,7,8,6,6,5,4,3,9,5,3,6,9,11,6,7,5,12,12,7,8,8,7,9,8,7,3,8,6,6,5,8,11,5,4,9,7,1,8,24,6,3,12,10,6,6,6,1,5,8,2,19,9,8,5,9,6,8,3,5,21,4,27,5,6,5,8,7,11,5,16,5,13,10,5,7,10,12,13,4,8,11,5,5,14,7,12,12,5,13,3,10,4,6,15,5,7,11,5,7,5,9,9,9,7,8,5,8,5,6,4,12,7,11,4,10,12,7,5,7,6,4,8,7,4,12,13,4,9,10,3,8,4,6,9,12,6,4,9,6,13,4
82fda1f850a9fe22e41b5c8dadaff4ac
148,97,135,172,145,131,133,150,129,168,90,97,151,105,141,114,137,93,164,152,267,169,101,140,237,204,159,222,243,250,288,206,213,169,187,163,144,137,130,181,161,232,190,129,157,253,156,131,189,159,134,177,159,144,178,157,221,135,122,205,239,236,132,151,214,112,147,177,218,164,136,146,156,130,178,148,126,182,162,144,156,168,165,122,149,123,167,199,143,152,171,155,159,119,193,183,148,358,159,157,139,168,142,164,155,163,175,179,155,205,166,118,176,154,174,162,184,138,111,152,112,128,157,177,200,133,100,118,150,120,176,133,106,123,166,125,115,150,165,120,144,148,121,100,146,147,125,134,150,228,109,163,141,111,144,185,174,190,165,137,125,185,217,131,127,161,138,91,113,105,123,140,175,181,108,132,138,123,114,156,145,112,78
27,16,31,42,126,16,25,62,51,19,96,18,15,96,19,12,57,43,10,66,81,17,63,19,163,140,50,23,41,116,68,36,37,96,61,22,26,28,52,21,12,131,67,13,38,34,21,29,15,43,30,10,39,47,44,29,89,21,27,17,32,50,73,18,14,50,20,69,16,19,21,29,19,13,34,132,36,47,11,33,8,10,32,17,59,20,30,14,12,20,51,47,22,15,22,28,18,20,83,31,40,41,24,8,20,24,32,45,30,44,75,16,32,19,118,81,24,24,33,17,15,28,21,62,58,88,12,12,105,11,37,29,106,23,11,24,24,62,35,36,27,18,28,19,21,44,26,26,72,48,126,23,20,17,35,23,14,12,18,40,73,105,11,28,22,36,26,17,11,15,27,29,15,16,31,20,18,12,23,17,33,17,35
0,0,0,0,0,0,0,0,0,0,0,0,0,0,0,0,0,0,0,0,0,0,0,0,0,0,0,1,1,1,6,4,5,2,4,1,4,3,2,2,3,0,4,3,2,2,6,5,3,0,0,5,5,3,5,6,1,9,5,5,1,6,0,0,5,3,3,2,2,4,3,4,9,2,2,2,9,4,2,2,2,0,7,4,2,2,14,0,5,1,3,6,1,4,4,7,7,0,2,3,2,1,2,2,3,7,0,0,3,4,2,3,1,6,5,3,2,2,3,5,2,4,6,3,1,1,1,0,2,4,4,5,0,6,1,3,0,3,2,7,3,3,3,3,2,5,3,8,3,6,1,7,5,3,2,2,5,5,2,4,0,1,2,1,0,7,2,3,2,4,4,1,2,2,2,2,2,4,3,1,1,9,0
d773376e46311393cd89994bf9a93043
672,643,753,810,582,701,628,712,845,753,693,611,607,540,622,610,608,802,933,913,940,903,901,970,931,1081,1109,992,1162,975,1170,1450,1164,1121,1460,936,995,1151,1192,1216,1154,1094,1007,1428,1359,1253,1123,970,1010,871,1166,1184,1064,1047,1087,956,1148,1152,1181,1064,927,789,728,744,941,732,833,833,870,873,818,841,863,825,804,687,754,647,800,749,775,741,768,745,607,638,874,711,695,700,630,697,767,749,758,721,744,774,695,693,723,800,630,626,540,518,791,659,723,590,641,661,586,724,961,824,581,593,544,503,759,785,752,580,613,588,476,774,793,726,750,589,564,468,757,664,703,754,819,425,451,667,694,532,545,579,527,447,584,489,535,494,530,403,404,626,612,654,721,501,481,493,575,526,542,500,550,568,423,589,528,638,673,690,507,530,652,515,513,523,487,407,590
100,116,85,94,103,85,104,113,130,46,108,125,137,111,127,163,148,105,167,103,142,198,172,191,219,140,188,167,160,206,194,181,156,116,160,161,172,142,129,201,103,98,101,125,94,280,79,94,114,123,66,110,108,94,96,103,147,151,101,156,86,83,59,91,138,100,85,144,114,214,113,57,71,79,68,92,66,95,68,93,65,51,163,66,52,70,43,90,48,55,102,92,51,78,67,56,77,73,75,69,160,70,52,37,34,102,38,88,76,66,70,74,69,75,44,38,40,48,63,57,48,85,48,50,59,35,34,66,130,128,58,34,55,99,67,62,62,36,52,53,69,60,155,65,134,61,96,40,50,45,57,130,52,127,67,84,77,89,45,55,95,53,62,47,53,66,39,57,144,39,96,81,68,101,98,45,25,52,115,96,130,46,37
1,0,0,0,1,0,1,0,0,0,1,0,0,1,0,1,0,0,0,0,1,3,1,1,2,1,3,0,3,8,6,11,6,3,6,14,10,7,7,10,3,10,7,4,11,25,10,12,6,8,9,2,8,3,17,2,7,9,8,11,7,11,11,15,5,8,3,5,20,3,15,15,12,6,0,7,3,5,14,16,9,5,8,8,3,4,9,7,17,11,6,5,14,6,5,7,3,14,7,9,15,3,10,5,7,5,7,7,18,7,5,3,3,11,8,7,3,6,5,4,7,0,15,7,2,5,10,6,11,8,5,3,10,19,1,3,8,6,4,6,11,7,3,0,2,14,2,7,6,9,4,3,6,3,2,19,7,5,3,5,3,10,11,4,3,8,8,7,6,4,8,1,2,9,6,6,19,12,8,13,1,4,7
6bb4c3bbdb6f5a96d643320c6b6005f5
396,458,431,487,513,500,421,465,482,506,572,623,529,477,507,453,539,488,500,553,469,537,492,491,529,507,554,557,520,619,517,572,505,517,480,444,387,463,533,533,614,527,490,473,481,553,541,581,489,493,484,604,577,500,683,477,483,519,580,683,509,507,566,575,504,665,504,534,521,493,530,502,657,628,689,555,504,546,651,570,550,558,678,652,701,602,690,644,628,583,572,671,674,552,643,694,671,548,492,511,523,714,650,656,612,684,633,741,690,635,709,655,599,627,604,520,690,637,699,601,690,664,610,655,584,551,602,612,754,565,591,547,557,686,608,692,690,673,600,601,668,609,677,655,625,813,681,580,670,719,607,1014,635,613,559,617,553,494,550,580,508,615,541,553,572,588,631,617,588,554,530,598,587,724,527,670,606,635,719,627,615,523,513
91,44,111,96,81,86,146,50,88,91,70,50,112,91,62,55,65,150,95,42,103,162,67,59,79,49,71,122,125,140,73,127,134,137,61,126,87,65,105,76,81,86,74,79,72,88,78,109,84,64,93,119,101,98,108,158,70,74,134,44,72,97,252,145,48,110,101,50,123,290,77,187,97,141,74,64,72,87,182,136,82,85,80,130,110,82,82,94,91,46,107,87,59,47,75,87,92,68,124,59,63,203,78,47,127,152,49,736,75,140,81,119,80,84,63,71,82,207,126,68,85,79,87,88,113,105,93,181,59,109,108,114,104,130,111,78,226,122,87,205,114,117,92,103,163,234,157,161,110,89,68,59,121,119,60,153,243,316,108,80,97,85,94,253,76,78,73,160,340,69,134,91,169,196,99,105,150,67,140,133,166,251,158
0,0,0,2,5,1,2,4,0,5,1,0,3,0,0,0,0,0,0,1,0,3,0,1,1,4,0,3,2,5,4,10,7,2,5,12,7,3,10,7,10,7,3,8,6,5,6,13,5,7,13,7,11,3,13,6,13,9,7,6,11,12,5,1,5,6,7,6,5,4,9,10,6,14,8,9,8,7,7,12,12,11,8,6,6,7,5,8,5,8,9,14,7,8,14,7,8,4,8,8,5,10,6,6,11,6,4,2,4,7,11,18,14,9,13,7,13,17,11,6,10,18,8,9,3,7,8,10,8,7,9,6,19,6,8,5,8,4,10,7,9,8,9,11,10,19,10,7,6,10,5,7,6,6,5,6,12,8,7,13,13,11,15,11,9,8,10,10,14,9,9,11,8,17,12,10,10,12,11,15,22,11,11
6a493121e53d83f9e119b02942d7c8fe
264,282,196,223,305,142,128,152,182,171,166,116,158,136,147,171,145,118,156,161,187,190,232,159,133,151,195,153,152,240,256,356,190,242,302,328,378,258,335,283,325,293,275,377,385,381,250,335,358,364,347,335,315,284,270,413,366,418,399,301,232,305,276,262,347,310,292,319,306,580,343,334,442,324,322,278,358,354,308,348,315,256,261,317,491,328,357,367,300,258,405,301,372,366,378,249,281,421,313,521,436,302,283,338,308,302,420,357,308,317,273,303,420,396,355,363,264,264,320,322,387,349,326,294,328,310,335,345,376,394,279,317,440,360,454,464,320,382,286,349,401,390,445,337,270,285,398,318,324,298,294,345,275,280,273,320,501,302,229,216,295,246,378,351,284,205,246,350,385,475,498,309,304,351,254,326,342,352,318,303,225,246,192
67,47,29,28,45,29,82,34,31,32,22,30,24,29,25,17,19,36,17,26,28,31,56,28,28,60,41,42,27,37,20,45,35,43,37,38,60,20,37,37,39,59,52,26,25,27,42,38,46,56,49,44,76,34,23,71,56,38,45,43,49,36,118,30,17,29,61,44,58,91,48,44,60,36,52,37,45,42,45,28,39,34,43,43,46,57,32,41,46,27,56,56,52,65,77,35,31,39,69,42,40,41,25,30,49,36,43,38,39,40,51,60,43,34,34,29,36,26,45,50,37,46,38,42,54,49,54,37,29,35,33,47,40,84,72,120,34,88,38,41,45,41,27,37,26,27,30,33,23,32,25,37,22,35,49,33,23,37,19,23,58,43,27,30,27,31,52,28,43,25,39,29,28,18,56,39,39,46,85,46,108,32,19
0,1,1,0,0,0,0,0,0,0,0,0,0,1,0,0,0,0,0,1,0,0,0,0,0,1,0,0,1,1,1,5,7,8,2,4,7,6,1,3,2,10,6,7,5,1,4,5,4,7,4,3,4,12,6,6,9,4,9,3,10,4,7,6,2,3,3,3,8,9,6,11,6,6,5,7,11,8,7,6,2,2,5,4,12,6,11,7,6,5,4,4,3,8,4,4,4,11,5,4,12,6,5,10,2,3,2,3,7,2,5,4,7,8,6,8,3,2,4,1,3,5,7,8,7,8,4,6,5,6,6,1,12,4,3,5,8,24,7,5,8,5,4,3,2,6,5,2,7,3,2,2,6,9,9,8,8,9,3,2,3,5,2,2,6,10,11,7,9,5,5,7,4,2,7,5,13,11,7,3,5,9,1
c026b84e8f23a7741d9b670e3d8973f0
280,235,272,252,270,258,241,192,212,217,273,339,222,225,278,288,214,280,325,352,289,232,251,287,243,245,241,190,323,286,401,390,300,357,260,293,358,376,391,398,310,307,315,374,395,340,371,336,327,295,352,310,303,321,306,357,442,496,316,285,275,317,335,397,410,478,300,591,805,495,567,448,473,634,536,580,555,535,518,512,479,454,489,464,545,438,426,502,501,416,389,375,401,423,447,312,422,374,413,414,660,556,537,567,451,374,472,397,408,423,465,355,397,672,460,417,514,553,389,536,436,476,458,519,517,414,398,461,495,479,457,456,458,552,432,527,469,384,386,344,341,444,540,1866,4243,5880,5431,5170,4780,4824,4544,4248,4216,3201,2958,3931,3200,3365,2794,2629,2419,2395,2647,3223,2758,2362,2454,2082,2194,2060,2053,1910,1936,1895,1578,1621,1987,1910,1883,1684,1415,1502,1463
42,58,37,41,34,41,36,35,40,30,32,25,36,26,72,75,28,26,38,54,42,26,24,39,32,26,32,38,56,24,41,29,38,37,33,45,44,26,45,38,40,66,25,55,80,48,101,29,40,42,26,83,30,34,59,57,47,53,28,34,28,43,42,110,75,28,36,102,108,182,123,82,85,103,97,76,70,56,77,41,52,47,65,84,53,104,41,39,23,43,52,78,30,25,36,24,43,52,43,53,33,71,42,30,59,42,35,21,30,82,50,52,32,30,37,41,46,27,58,45,45,29,28,67,54,51,35,42,67,40,40,34,41,43,45,50,59,38,41,35,48,85,69,498,918,1073,704,662,623,559,532,445,502,435,382,375,436,254,165,205,196,187,279,383,329,164,185,177,238,193,213,143,108,138,221,133,134,93,136,191,132,118,104
0,2,1,0,0,0,1,0,0,1,0,0,0,0,1,0,0,0,0,0,0,0,0,0,0,0,0,0,0,4,2,1,0,2,9,2,1,2,5,2,1,1,3,5,3,9,4,3,3,2,2,1,0,7,4,5,4,3,4,6,5,10,8,6,5,3,4,16,4,13,6,5,6,6,5,1,13,9,15,4,7,7,4,4,8,11,2,4,9,5,6,7,3,4,2,3,4,5,2,5,4,5,6,4,8,7,8,4,4,6,3,3,4,7,3,5,1,8,17,3,3,4,6,7,5,4,3,5,7,3,9,7,7,7,3,11,6,11,3,5,1,4,3,44,102,110,74,64,52,50,29,38,49,38,41,27,23,23,27,19,13,16,32,38,40,15,14,19,17,17,33,25,12,19,14,18,19,28,10,19,8,8,9
c5f0170f87a2fbb17bf65dc858c745e2
1651,1407,1564,1569,1409,1471,1528,1375,1335,1490,1536,1444,1441,1352,1520,1475,1332,1630,1632,1578,1545,1597,1748,1522,1620,1528,1507,1400,1477,1511,1699,2051,1975,2012,1593,1783,1921,1817,1855,1733,1869,2104,2180,1965,1915,1974,1804,1570,1817,1665,1794,1945,2061,1880,1936,1867,2037,1802,1872,2087,1700,1841,1783,1712,1796,2124,2102,2524,2750,2622,2475,2534,2873,2746,2522,2490,2256,2337,2440,2508,2492,2450,2542,2157,2421,2319,2442,2466,2443,2261,2256,2304,2450,2585,2470,2666,2520,2549,2244,2225,2429,2157,2224,2230,2182,1929,2149,2276,2473,2126,2462,2013,1949,2212,2291,2441,2397,2549,2238,1903,2542,2217,2422,2623,2595,2408,2413,2540,2660,2808,2885,2544,2472,2177,2973,2511,2737,3258,3119,3198,3702,4464,4046,4292,4698,4188,4413,4818,5272,4159,4070,3955,3929,3293,2608,3230,3287,3084,3020,3115,2754,2610,2998,3201,2863,2560,2678,2542,2468,2550,2763,2840,2706,2612,2300,2082,2503,2244,2625,2576,2389,2318,1980
666,266,442,417,287,328,540,471,456,286,340,320,377,226,292,393,382,333,333,499,579,449,493,398,259,378,561,505,576,591,394,526,451,480,535,449,654,462,325,318,436,415,541,361,307,483,373,399,612,448,521,544,347,427,459,476,464,403,356,389,390,587,999,403,376,404,411,1339,844,942,847,793,872,579,686,832,506,463,398,407,876,479,604,449,501,346,535,346,551,446,532,479,538,460,379,553,498,693,823,598,450,439,491,380,553,635,450,565,587,551,405,814,527,588,438,363,737,562,433,442,687,612,511,820,814,621,665,706,623,652,1040,557,511,521,742,714,601,544,695,1513,1872,1109,994,1009,917,763,1706,1331,1129,838,690,992,604,955,463,433,405,607,419,623,479,458,428,546,513,765,419,452,462,673,670,347,485,617,681,574,526,436,435,545,684,668,602
2,2,0,4,3,1,0,1,18,4,1,2,3,3,2,3,1,1,0,0,3,1,1,2,1,0,3,7,37,6,18,18,10,28,42,26,14,26,19,22,18,29,33,22,28,23,19,17,34,23,25,22,70,36,24,44,45,40,46,15,32,35,32,20,25,39,16,47,41,25,34,20,47,30,16,21,30,40,33,34,24,36,50,34,28,36,30,28,33,30,34,38,19,27,39,41,29,32,38,42,31,21,55,24,16,31,43,29,24,27,41,34,35,18,30,51,29,25,19,30,32,16,16,29,31,52,21,25,37,48,44,27,43,42,24,47,36,41,36,47,56,61,42,58,40,34,43,89,54,46,49,37,48,34,25,33,43,53,58,45,73,29,44,31,49,22,48,40,22,28,44,28,26,28,28,42,39,33,39,40,33,58,33
3964ee41d4e2ade1957a9135afe1b8dc
372,246,309,346,306,255,310,316,289,233,250,270,268,356,285,304,282,292,298,375,340,334,306,290,281,318,344,389,431,397,371,392,465,357,468,374,348,437,349,396,323,385,429,354,390,327,338,369,387,333,363,409,384,327,380,403,372,387,327,490,439,356,420,362,357,355,349,389,362,401,404,382,438,426,481,405,481,396,353,339,347,402,474,381,380,413,506,673,446,643,550,524,625,508,548,579,588,464,436,463,608,566,755,438,462,445,548,460,452,423,532,420,398,631,446,544,523,407,451,352,507,441,400,460,434,420,497,574,514,585,631,590,486,390,471,510,461,538,427,416,436,461,481,425,434,410,363,474,503,440,505,449,513,485,447,486,460,596,433,458,478,363,450,572,523,421,588,424,430,460,458,395,521,490,353,417,456,454,433,462,395,456,442
92,100,170,56,135,128,80,77,78,49,27,55,69,62,57,47,58,42,45,54,58,90,91,53,44,77,186,106,195,74,62,73,92,68,124,99,62,52,28,95,80,114,121,42,85,49,42,53,85,79,99,62,63,81,82,80,85,48,57,58,46,108,71,62,168,54,77,68,47,65,44,78,41,52,65,52,81,80,45,99,101,83,61,95,223,88,134,144,95,140,138,81,69,117,55,51,74,57,94,98,84,75,57,64,55,57,57,50,73,69,58,116,87,73,46,67,85,59,79,174,82,53,108,93,63,74,73,92,77,184,52,57,71,50,52,138,48,50,168,61,573,178,70,45,79,77,90,97,54,69,187,42,90,178,51,50,39,68,45,55,53,30,67,64,101,59,102,51,53,121,63,149,60,52,74,56,61,124,103,92,75,80,69
0,0,0,1,0,1,0,0,0,0,0,0,0,0,0,0,0,0,0,0,0,1,0,2,0,1,0,3,4,4,4,3,3,2,6,8,5,4,6,6,6,3,5,7,7,8,6,6,9,8,7,8,7,2,25,12,12,9,12,8,7,12,16,6,6,10,7,9,9,11,15,8,5,6,7,13,8,14,5,3,8,9,7,9,13,13,10,20,23,9,12,16,12,9,10,26,18,9,11,7,16,2,8,4,10,8,7,10,10,8,8,13,9,9,6,8,8,5,12,16,9,15,9,4,10,1,8,9,14,9,10,3,10,10,3,12,7,9,4,13,4,14,7,9,10,12,6,7,10,6,11,7,5,11,11,4,13,12,14,10,4,7,4,12,8,7,8,12,5,19,13,20,11,10,13,27,10,6,9,12,16,20,10
f6e0f05fde7637afb8f8bc6bda74ca24
156,171,200,171,154,165,154,146,137,153,166,185,218,142,133,179,169,202,202,186,137,183,152,127,128,168,156,163,120,126,159,161,152,177,194,149,179,243,247,179,195,165,158,171,169,184,196,176,217,128,165,174,237,210,227,200,208,199,224,167,146,153,147,192,215,156,171,153,185,206,171,140,178,174,165,192,188,152,157,126,145,149,154,132,142,136,185,174,145,150,139,133,152,174,192,163,175,172,156,141,160,197,155,197,201,138,308,263,317,232,164,174,155,169,203,156,143,179,128,147,173,207,261,199,232,139,157,222,184,171,179,219,183,166,156,173,160,181,150,126,120,204,124,150,165,138,178,126,148,145,132,172,134,113,100,153,145,146,134,126,137,112,159,157,180,242,122,127,115,138,190,136,131,138,184,141,144,97,107,124,143,137,187
32,18,17,21,30,26,51,29,14,37,85,24,27,25,28,22,51,10,10,34,15,24,18,15,28,19,28,29,35,31,36,15,37,45,50,70,44,24,74,11,20,8,131,22,11,26,19,15,31,42,16,23,19,19,22,45,20,11,15,16,13,14,9,23,16,11,13,28,24,34,25,17,15,17,11,16,12,10,23,11,17,11,26,27,16,15,16,14,7,16,21,9,18,12,7,29,9,30,12,21,63,18,22,19,34,12,13,18,7,11,13,13,13,6,15,14,17,37,14,22,24,17,282,15,51,26,18,58,30,36,14,15,23,12,62,45,78,33,18,18,19,12,3,16,3,10,29,12,22,19,19,21,4,9,8,16,13,14,20,10,20,66,18,6,19,21,11,21,10,8,38,4,9,6,8,29,10,14,10,13,18,15,3
0,2,0,0,0,0,0,0,0,0,0,0,0,0,0,0,0,0,0,0,0,0,0,0,0,0,0,1,4,1,2,2,1,4,5,2,5,0,0,4,2,0,2,3,3,4,1,3,4,0,1,4,2,1,2,3,1,1,4,2,1,1,4,2,0,1,3,2,7,4,7,3,5,4,3,0,2,2,2,2,0,1,3,4,2,2,2,3,11,8,1,2,0,0,2,2,3,1,3,0,1,7,0,7,2,2,1,3,3,3,1,1,5,0,6,1,2,6,1,6,7,6,1,1,1,2,5,1,0,6,2,2,2,1,3,1,4,4,5,1,4,4,5,4,2,2,1,1,7,2,3,4,3,2,2,3,0,4,3,2,0,4,3,1,1,4,1,3,6,0,1,1,4,1,2,1,3,1,1,0,1,7,4
53dd7de874e0999634c28cdd94d21257
64,83,99,93,92,92,102,80,87,91,107,101,77,68,63,85,65,70,91,99,66,71,93,108,93,122,145,96,92,97,75,83,70,107,127,100,103,89,96,106,94,96,113,116,96,153,125,110,93,112,98,127,111,96,123,95,132,124,99,121,142,129,112,95,162,135,126,114,119,118,110,93,123,160,109,174,111,137,159,145,241,224,152,135,133,127,136,234,106,125,121,106,169,144,120,178,135,102,116,154,121,92,149,146,113,143,179,126,109,141,116,231,79,100,115,90,86,88,72,108,92,124,88,88,86,91,73,154,98,190,123,80,93,198,337,204,177,120,107,124,105,116,87,123,118,123,97,104,83,94,111,94,98,87,105,112,115,102,134,168,134,124,117,117,238,245,259,157,147,239,280,167,181,327,210,237,226,298,218,275,250,234,269
13,17,8,7,5,11,12,20,7,10,4,8,14,13,5,11,9,10,12,12,12,21,14,11,12,52,10,10,37,15,2,11,23,13,27,33,16,21,34,14,8,7,17,12,24,7,13,11,12,19,13,13,4,13,7,12,11,10,14,14,20,9,38,10,5,16,12,15,10,10,19,14,19,9,25,16,12,24,17,6,57,9,18,7,6,13,7,12,35,10,14,10,9,24,4,8,15,15,28,6,8,21,14,38,15,20,13,6,7,8,9,19,11,14,6,5,3,12,10,15,5,10,7,3,9,7,13,16,39,17,13,4,11,26,17,27,14,14,12,16,11,8,8,2,11,9,9,1,8,5,21,9,18,62,16,8,16,10,6,11,14,16,6,8,76,39,33,24,16,29,15,16,27,40,37,24,17,35,45,30,75,46,32
0,0,0,1,0,0,0,0,0,0,0,0,0,1,0,0,0,0,0,0,0,0,1,0,0,0,0,0,0,1,0,1,3,1,0,4,2,4,0,1,1,1,1,4,1,6,0,1,1,2,3,0,2,1,4,1,3,1,2,1,3,3,0,1,0,0,2,0,4,1,1,3,6,1,2,0,4,2,3,2,1,3,6,0,1,4,3,2,0,2,1,1,2,4,0,2,5,3,4,2,2,0,2,1,1,0,3,2,4,0,2,1,2,1,0,1,1,5,2,2,0,5,1,2,1,1,1,3,3,6,1,1,1,3,2,2,1,2,3,3,2,2,4,1,1,1,1,2,0,0,3,0,5,3,5,4,0,1,1,4,1,2,2,2,2,3,4,3,1,1,6,5,7,9,3,1,2,7,2,1,4,6,3
03c6699ea836decbc5c8fc2dbae7bd3b
455,366,359,5713,8489,4138,3104,3122,2325,2121,4197,4564,3587,2522,2473,2391,2682,4109,3930,4688,3782,3374,3480,2836,4377,6668,5359,3606,4517,4467,4522,3472,2659,2996,3713,3266,3100,2610,3280,2827,2483,1857,2013,1905,1843,1945,1681,1568,1518,1777,1373,1146,1166,1241,980,1319,1146,1358,1356,1073,1297,1964,1750,973,1244,1082,1027,1205,1095,1262,1377,960,1366,879,1008,803,912,1144,1061,1125,886,1105,937,884,1135,1349,1001,998,946,1126,1176,1017,1372,1220,824,1019,964,966,834,903,1069,970,1210,1010,915,862,966,1782,1266,1174,1233,1014,760,1025,1181,935,785,874,1010,789,1243,1102,702,653,984,1074,939,711,931,1233,836,848,983,1017,868,1207,1163,830,722,941,822,857,1081,824,855,438,884,553,627,913,973,780,762,944,1000,878,705,748,740,753,654,683,915,812,832,1307,1134,950,783,1464,1145,793,563,981,615,821,783,924,979,919,581,561,488
55,34,42,1450,1809,502,388,253,387,384,788,781,463,397,445,385,630,833,1053,485,455,682,370,508,1394,2229,1551,961,1084,984,947,723,646,932,1027,657,664,598,832,342,308,195,187,308,281,64,135,125,100,240,48,172,109,96,67,134,128,219,108,117,201,234,131,131,176,141,134,182,148,91,85,192,112,87,110,253,118,151,134,61,106,193,85,365,123,199,87,106,109,118,186,91,112,94,96,25,129,87,57,116,66,91,249,70,97,84,166,272,288,150,76,198,125,116,68,78,109,146,199,135,169,124,139,117,60,177,73,50,173,122,129,108,98,75,81,268,164,95,52,80,106,128,111,73,77,80,34,208,87,220,82,135,64,158,270,72,88,57,43,73,83,107,136,67,171,124,95,104,101,168,96,79,67,60,44,115,58,38,70,75,96,54,72
1,0,0,3,3,2,0,1,0,0,2,0,1,2,3,0,0,2,1,5,3,3,0,0,1,2,8,6,14,5,28,20,9,13,18,34,20,13,26,7,13,12,12,10,10,6,13,10,3,9,3,1,7,7,2,5,12,5,13,7,4,10,8,6,26,11,4,0,5,5,2,3,4,4,3,5,4,10,7,8,2,6,5,7,21,5,6,2,2,1,2,7,6,0,9,8,21,5,4,8,7,7,20,1,4,1,5,7,2,5,6,9,4,15,2,2,10,8,3,5,3,2,8,9,5,3,4,2,3,12,3,1,5,2,2,6,7,6,5,2,1,6,12,5,4,9,5,6,5,15,4,6,17,10,6,7,1,5,3,3,2,7,8,8,12,15,5,1,10,27,12,6,5,12,10,4,5,3,11,7,2,5,7
1731019fbaa825714d5f8e61ad1bb7ff
119,130,110,153,168,150,179,153,139,231,238,135,185,315,245,184,253,668,342,289,331,270,390,578,611,739,605,632,593,603,501,552,481,462,462,459,453,539,556,456,611,559,460,453,494,534,491,499,612,630,459,541,546,489,424,444,451,386,533,486,437,459,380,469,556,490,398,400,390,395,337,295,396,431,403,382,400,321,343,353,362,399,312,340,330,373,393,478,513,604,572,532,530,486,631,628,685,616,513,499,457,462,508,492,506,565,642,492,419,487,492,425,398,355,413,410,419,444,418,361,422,433,402,470,464,329,393,367,458,312,344,445,434,348,459,415,500,526,403,349,353,364,361,385,391,404,418,353,390,307,431,379,378,287,271,406,374,314,352,331,305,292,341,392,443,403,414,413,410,405,448,768,736,644,482,463,516,505,472,467,414,422,366
7,14,23,23,5,62,26,18,74,23,10,25,18,18,13,19,77,107,42,45,36,92,90,184,166,110,142,152,191,199,166,101,76,82,72,67,101,51,55,89,36,64,53,68,52,63,65,54,70,63,48,59,91,63,34,40,35,79,49,98,53,56,50,71,44,40,42,37,50,50,59,42,39,92,100,56,33,59,40,25,92,25,33,42,37,44,77,66,124,68,113,82,58,94,87,97,91,93,105,66,50,68,50,48,47,51,40,76,41,52,87,65,66,52,50,37,54,33,47,59,32,37,37,66,66,62,46,46,38,48,58,28,53,64,42,62,54,50,45,49,44,57,38,41,61,46,44,37,47,34,77,36,30,95,53,33,32,49,40,63,64,77,35,47,128,52,52,37,41,53,62,111,153,135,99,74,62,40,55,68,46,54,154
0,0,1,0,0,0,0,0,0,0,0,0,1,0,1,0,2,0,0,0,0,1,1,1,1,0,5,4,2,8,3,4,2,5,6,20,9,6,1,3,2,1,8,7,7,3,9,9,7,8,4,4,2,3,11,5,5,2,1,3,3,3,8,7,3,2,4,0,4,4,9,4,8,7,2,2,2,8,4,2,4,8,4,4,0,4,9,3,5,9,4,7,5,7,5,13,7,7,10,5,4,3,5,2,2,6,6,4,4,7,0,5,7,1,2,10,6,1,4,2,1,2,3,2,7,3,2,2,7,4,5,3,1,13,3,4,7,1,1,4,5,4,7,5,5,9,9,2,3,0,3,2,6,2,9,7,5,13,5,4,4,5,7,6,6,2,6,1,5,5,1,14,6,9,4,1,5,3,6,8,2,5,7
bf21d16799b240d6e445fa30472bd50b
2,8,15,26,87,8,22,12,5,17,12,21,18,12,19,13,13,13,13,24,26,12,12,10,13,16,17,16,12,15,13,4,16,19,28,24,36,11,133,16,10,11,27,3,10,23,14,11,26,8,14,19,14,9,16,11,11,18,10,23,13,14,28,21,13,11,15,14,63,100,25,30,32,35,15,20,21,19,8,22,16,11,25,21,23,16,14,20,13,26,15,13,18,27,40,40,40,24,12,17,22,35,19,18,19,16,17,23,14,11,19,25,17,21,16,14,11,14,7,14,12,12,8,14,16,11,17,35,13,10,18,14,16,15,13,17,15,13,11,11,14,10,18,11,26,16,8,7,10,15,9,12,9,10,10,11,20,16,13,8,8,12,18,16,31,11,23,15,8,27,18,13,18,23,13,11,15,16,29,11,16,30,26
5,1,3,5,6,0,5,2,7,1,4,1,0,5,2,5,4,3,1,1,3,5,5,7,3,0,0,11,6,0,5,9,6,1,4,4,1,2,1,2,2,3,1,2,4,1,2,4,2,6,2,24,5,3,2,2,2,3,0,1,3,4,1,1,2,1,1,1,2,12,2,0,3,4,2,4,1,6,3,3,3,3,3,9,8,4,3,5,5,3,1,3,4,6,18,8,10,3,3,5,1,2,6,5,3,1,2,1,1,4,4,1,5,1,3,0,6,2,1,0,5,3,6,7,0,0,2,0,6,1,2,2,1,4,1,1,2,2,1,3,3,5,3,5,2,2,3,2,1,3,8,1,0,2,1,1,7,1,0,0,3,3,4,3,2,7,5,4,2,1,1,6,1,1,3,3,1,0,2,4,9,2,4
0,0,0,1,0,0,0,0,0,0,0,0,0,0,0,0,0,0,0,0,0,0,0,0,0,0,0,0,0,0,0,1,0,0,0,2,1,0,0,0,0,0,0,0,0,0,0,0,0,0,2,0,0,0,0,1,0,0,0,2,0,0,0,0,0,0,1,0,1,0,1,0,0,0,1,0,1,0,0,0,0,2,0,3,0,0,0,1,0,0,0,2,0,1,1,0,5,0,0,0,0,0,1,0,1,1,0,0,1,0,0,0,0,0,0,1,0,0,0,0,0,1,0,0,0,1,1,0,0,0,0,0,0,0,0,0,0,0,0,0,1,0,1,1,1,0,1,0,0,1,0,1,0,1,0,0,1,2,0,1,0,1,0,0,1,0,0,0,0,0,0,3,0,1,0,0,0,0,1,0,1,1,0
025943df23acf5d3863b35fa6e0d79ec
101,71,73,181,251,116,146,153,99,102,94,112,97,173,165,111,131,229,127,189,153,205,149,122,133,191,205,387,214,292,218,172,200,228,241,190,285,192,242,267,336,484,438,743,386,533,317,435,233,344,475,340,379,348,322,245,235,432,483,648,442,261,300,342,371,329,428,301,232,349,203,275,232,263,459,431,379,391,199,238,362,510,312,317,239,228,262,367,306,390,350,424,204,277,392,323,207,416,309,395,224,301,222,260,179,233,301,201,254,215,212,230,177,150,231,258,205,184,149,287,351,244,280,318,314,392,220,189,263,381,304,182,150,169,133,214,239,171,152,177,166,194,160,226,151,174,183,196,195,253,234,187,517,424,361,281,338,355,229,257,308,251,180,246,291,251,221,209,202,193,355,310,277,247,231,236,215,338,294,224,292,190,220
22,20,31,107,17,11,52,11,16,13,23,33,49,81,18,71,62,35,7,21,32,19,86,20,13,24,25,19,19,26,26,48,51,32,16,28,39,68,24,12,31,82,60,78,57,56,58,92,30,52,37,52,22,20,22,43,21,40,50,32,68,10,23,90,36,57,27,22,42,131,42,8,9,20,52,41,35,43,13,38,52,33,29,33,37,29,39,128,47,15,23,67,31,84,24,43,24,19,20,25,79,31,25,22,72,17,20,19,26,15,23,68,22,55,27,30,56,14,26,30,18,25,15,23,27,23,47,26,28,26,23,9,24,24,19,24,12,23,20,20,30,20,15,40,25,18,45,74,48,24,22,25,87,79,75,51,85,60,51,44,43,43,16,24,34,15,49,23,31,25,40,33,20,61,20,21,55,40,31,38,54,41,92
0,0,0,0,0,0,0,0,0,0,0,0,2,1,0,0,1,1,0,0,0,0,0,0,0,1,0,3,2,1,2,3,1,4,0,3,2,2,3,2,2,18,11,8,6,12,2,3,2,15,5,4,6,2,1,3,5,8,10,5,5,6,5,5,6,3,9,2,3,3,9,2,4,10,4,4,8,3,5,9,9,8,3,4,5,3,6,3,2,6,1,6,0,3,3,1,6,5,10,4,8,13,1,1,2,4,15,5,4,6,5,3,6,8,6,8,6,8,11,3,4,8,10,6,6,2,2,3,5,13,5,0,4,3,1,7,3,2,4,1,13,4,5,5,4,4,2,6,10,7,1,5,11,9,6,7,3,4,11,4,9,3,5,7,8,6,7,10,4,3,6,6,9,9,6,3,4,7,7,6,3,9,6
b6a175a48743caed6d035444c069ab64
85,77,47,72,89,61,90,126,81,89,71,89,63,72,75,126,91,96,48,69,107,74,80,75,77,109,72,84,110,159,128,123,136,112,100,131,139,108,114,113,198,127,169,106,105,125,135,113,155,122,111,113,140,99,135,129,145,89,119,190,129,113,100,127,115,112,125,142,128,122,159,151,194,150,141,147,205,151,127,147,134,153,113,117,161,101,95,102,77,97,92,91,119,141,97,118,112,128,163,104,147,127,110,143,141,92,125,98,130,115,157,156,257,165,125,111,177,184,178,142,116,151,98,117,130,79,105,143,129,137,133,119,105,119,113,128,173,159,116,97,102,134,92,98,128,102,110,131,140,101,100,110,118,105,87,135,109,116,114,127,115,92,136,133,119,114,126,90,102,127,133,129,118,117,170,124,123,182,130,118,120,126,111
25,13,21,10,11,24,18,21,7,22,10,30,12,15,16,13,7,11,5,10,17,25,22,23,19,18,23,38,29,16,17,24,22,16,24,30,32,15,24,10,19,42,13,18,16,36,24,27,21,40,19,19,17,22,18,24,27,12,16,25,20,19,36,39,20,13,17,19,26,27,27,30,55,26,27,25,20,17,21,26,25,30,26,41,22,16,4,18,14,39,29,29,18,22,12,17,26,15,38,31,32,23,13,15,25,28,25,17,17,29,20,16,29,14,13,8,22,20,37,18,9,13,12,23,16,25,12,20,23,24,27,24,24,24,33,48,13,22,11,10,21,12,7,20,24,15,18,27,14,13,35,10,10,22,18,22,12,22,18,28,9,13,31,38,39,12,20,26,13,29,20,33,14,98,22,20,28,17,40,31,24,23,46
0,0,0,0,0,0,0,0,0,0,0,0,0,0,0,0,0,0,0,0,0,0,0,0,0,0,0,2,1,2,4,2,3,4,1,7,4,2,2,2,7,3,2,3,2,4,1,4,3,7,3,1,0,1,5,4,3,6,3,3,4,4,4,4,2,0,4,4,3,0,6,2,6,2,6,2,1,5,4,1,2,0,0,1,1,1,1,2,5,2,1,6,3,0,4,1,6,1,7,4,2,3,5,2,5,5,26,1,1,3,4,3,1,3,7,2,4,6,1,4,0,6,2,5,4,2,1,3,2,1,5,8,5,2,2,2,1,6,5,1,3,0,2,1,2,5,2,6,4,2,2,6,3,1,1,7,3,3,4,0,3,3,3,4,3,4,0,1,4,2,5,4,1,8,6,5,3,3,1,7,2,4,3
4f3f68292e50f39cd8142733512c07d6
365,226,301,302,356,275,325,373,304,689,524,402,378,398,406,304,421,257,383,252,267,432,424,263,369,266,303,254,313,315,398,355,479,489,466,531,461,690,553,442,488,638,485,527,480,439,456,609,590,474,485,518,399,437,460,518,422,493,424,473,492,529,484,645,414,549,584,707,675,537,591,600,454,404,492,450,410,562,449,641,547,527,539,522,590,473,551,467,559,502,515,521,512,636,572,562,522,501,458,584,539,516,618,547,542,492,611,723,517,531,520,502,473,536,573,503,474,481,579,524,522,543,515,518,445,519,584,607,459,543,569,582,537,581,566,560,555,817,615,678,580,597,474,588,693,586,518,540,549,583,605,537,526,454,590,487,491,662,493,443,465,720,512,517,635,886,649,609,672,624,637,492,596,573,651,536,532,537,459,550,622,622,681
75,67,40,43,61,37,48,55,69,68,97,51,28,46,37,45,41,47,32,49,91,44,103,54,32,68,96,91,43,46,116,41,59,180,74,78,267,123,113,52,53,106,51,34,64,34,75,87,94,117,63,62,45,38,54,54,120,40,59,32,61,52,102,71,50,63,83,96,95,87,51,154,56,55,67,85,64,134,145,53,63,57,74,88,95,59,88,56,97,62,111,78,162,60,52,104,52,70,102,60,128,46,44,37,69,113,53,61,67,69,64,119,39,44,64,81,98,61,72,72,47,80,53,46,64,80,62,59,82,103,121,118,150,65,67,143,72,80,82,51,93,68,89,84,102,92,97,71,86,48,63,78,43,77,137,58,49,70,130,58,96,59,96,82,82,40,71,62,46,66,46,49,60,54,66,57,46,67,171,46,72,81,82
0,0,0,1,1,0,0,0,0,0,0,0,0,0,0,0,0,0,0,0,0,1,1,0,0,0,0,2,4,10,5,3,6,5,13,5,13,5,12,5,3,7,7,6,5,5,13,14,4,10,4,5,5,6,10,9,3,10,6,5,4,7,6,11,6,8,13,9,11,4,6,11,9,10,4,11,5,10,9,13,5,12,17,11,11,3,8,7,12,14,8,2,8,3,6,7,8,9,7,5,16,7,7,5,12,8,6,6,7,6,13,5,9,6,8,7,12,13,4,10,4,12,3,7,2,17,6,6,8,9,8,7,6,8,7,11,5,11,5,10,7,10,4,13,7,6,7,8,8,4,13,11,6,5,9,7,12,6,14,6,3,12,9,15,9,8,8,6,8,8,11,5,9,8,8,10,3,7,17,9,6,14,8
3e395c6b799d3d8cb7cd501b4503b536
664,589,606,692,820,802,774,1064,1191,753,738,639,781,936,962,872,969,781,756,1083,829,732,561,1905,2261,638,788,598,808,841,741,787,575,737,608,697,1040,1003,989,976,842,836,863,680,712,726,725,798,725,649,787,880,735,634,701,555,622,784,1019,818,766,554,749,746,714,620,650,730,768,736,741,852,772,1130,1067,970,824,665,802,748,796,823,829,599,695,663,656,544,724,777,700,764,646,759,796,811,864,719,685,747,916,877,881,789,785,826,787,717,772,901,1020,908,605,676,686,620,716,671,719,670,786,808,963,1169,1122,1187,1328,868,807,925,684,835,866,885,1352,1156,935,958,935,870,976,833,792,855,807,751,764,737,860,807,789,704,685,899,760,922,739,902,687,890,1658,1588,1283,1061,952,852,814,937,936,864,842,837,743,626,719,928,826,980,768,1070,1036,788,1020
93,158,120,211,176,147,110,162,157,122,109,140,232,358,212,199,205,132,167,139,155,147,108,114,125,128,155,134,88,172,124,116,172,125,178,338,181,209,246,191,85,144,145,98,210,128,83,91,133,98,130,112,152,112,216,87,153,214,113,91,87,87,171,142,205,105,82,115,128,129,196,148,120,281,322,284,174,149,102,181,146,130,101,312,231,142,131,202,144,94,87,90,80,106,87,137,97,102,94,135,108,156,149,114,213,129,144,143,189,211,288,97,137,83,94,122,115,113,141,186,112,81,506,420,420,286,493,335,145,180,100,94,170,115,279,238,184,116,97,196,163,96,113,155,116,141,168,97,123,171,108,135,92,99,109,184,88,137,65,66,335,344,175,248,158,124,109,128,124,93,84,140,71,92,141,191,85,87,108,146,251,81,104
0,1,0,0,1,0,0,0,1,0,0,1,1,0,1,0,0,0,0,1,0,0,0,0,1,1,0,1,3,3,5,9,4,7,7,9,10,12,14,11,8,8,11,8,8,7,10,9,5,9,8,7,10,5,15,5,3,13,6,5,8,7,4,0,8,2,5,4,11,5,7,4,8,14,15,19,8,6,9,4,5,10,17,5,8,7,6,3,4,2,7,6,11,7,10,4,11,6,6,6,14,9,5,9,10,6,8,9,27,12,10,13,13,4,1,10,9,5,6,12,18,12,11,30,28,28,40,8,6,6,9,19,6,9,40,24,8,10,14,18,8,4,6,10,3,5,1,8,6,12,4,10,2,4,4,12,9,15,13,10,25,26,20,14,6,7,17,13,9,2,9,7,3,6,7,11,8,19,7,6,8,3,7
40bbb0da5570702dd6ff3af5e9e3aea6
652,641,719,1008,857,702,731,867,738,820,706,1019,846,895,962,642,653,670,784,808,699,656,789,640,728,694,643,712,813,803,740,816,970,1034,639,721,760,854,975,901,892,941,993,855,821,721,719,836,779,890,729,739,862,795,864,749,734,796,843,770,785,668,727,763,838,983,881,786,909,725,878,817,894,816,872,771,813,1094,923,834,919,1139,981,788,778,907,994,1035,1092,857,872,789,766,790,879,961,895,803,880,753,819,983,936,774,841,791,1002,870,875,819,861,688,738,805,924,808,798,885,786,973,965,976,844,932,851,832,801,762,940,802,858,936,755,790,796,802,676,778,856,737,783,876,825,870,936,911,642,1010,713,805,747,766,835,628,977,747,748,821,986,797,916,792,882,999,935,857,910,921,825,913,978,1037,1074,1179,1105,867,973,959,903,1097,1081,966,911
74,133,65,71,69,57,55,58,118,69,58,123,92,72,111,54,64,127,92,124,96,113,63,94,132,66,96,99,69,98,90,108,105,183,99,212,97,81,51,146,89,88,71,73,72,74,94,77,72,81,70,74,65,100,154,55,110,58,62,109,122,72,107,85,66,62,72,78,64,58,94,71,67,79,78,84,99,111,93,85,106,150,95,113,84,100,120,87,102,92,77,97,77,70,96,103,55,64,119,75,102,113,84,79,56,67,55,149,46,81,64,119,76,121,52,70,54,96,95,98,98,107,64,130,65,98,86,76,44,77,126,114,70,101,93,102,70,139,64,59,85,224,129,72,70,70,65,86,66,65,61,82,71,91,96,51,123,75,107,99,100,79,70,75,107,82,97,56,92,81,121,64,85,93,116,158,112,77,161,100,111,178,110
0,0,0,0,0,0,1,0,1,1,1,0,0,0,2,0,2,0,2,2,0,0,0,1,1,0,1,1,0,4,12,7,12,10,6,8,12,10,7,7,8,7,8,10,4,11,16,5,10,7,6,6,20,8,2,6,7,9,11,4,6,6,11,4,5,12,10,12,3,8,14,4,14,6,14,10,15,9,9,1,4,13,5,14,8,6,8,5,9,4,7,8,8,7,10,8,6,13,10,14,10,5,7,8,11,3,7,10,3,8,8,5,7,9,12,8,10,6,8,6,10,8,10,12,4,9,8,19,7,13,16,10,10,14,12,12,6,9,4,4,7,10,12,9,8,9,6,12,5,13,7,13,7,16,7,10,14,11,10,9,10,7,7,9,12,18,15,14,17,12,11,18,12,11,13,8,10,10,13,10,13,14,19
33fd0a2cfcfd24e114707bba71ca1de9
54,40,73,61,88,86,101,90,105,123,83,81,92,107,145,150,113,82,75,81,91,77,91,89,101,104,83,92,95,93,82,96,116,104,126,94,92,92,119,100,129,86,143,104,109,100,100,108,90,124,106,136,146,116,82,128,134,135,195,205,151,107,107,140,155,122,156,109,101,103,135,225,110,112,179,243,206,175,283,138,151,168,168,147,198,230,147,170,195,142,153,197,133,187,234,108,144,111,193,179,162,153,115,120,128,127,106,110,142,90,146,112,137,177,168,153,135,160,149,165,152,238,140,178,112,127,116,182,146,171,176,136,136,160,148,150,169,149,163,97,120,135,129,124,114,105,168,114,135,172,124,122,129,141,99,116,144,130,161,114,91,116,118,143,172,152,122,128,109,117,123,137,155,150,98,125,133,109,269,168,185,164,140
23,14,27,24,16,10,16,22,22,58,24,30,42,34,23,25,15,29,22,29,28,22,24,20,26,23,32,10,25,36,20,18,22,27,18,39,22,28,24,20,26,45,28,18,32,19,19,29,30,30,27,30,28,25,50,47,29,18,34,23,21,29,34,36,19,13,51,28,18,21,20,33,30,43,42,134,37,26,11,37,24,66,39,45,30,25,19,14,56,24,31,35,31,13,25,34,19,37,18,31,18,28,16,14,21,26,7,14,20,33,31,20,15,24,9,21,18,31,24,22,30,20,24,25,50,17,23,24,26,32,32,32,26,32,56,17,36,21,13,36,30,16,21,25,30,30,32,14,26,50,26,26,18,16,11,16,21,18,46,20,16,31,17,24,31,10,15,20,30,45,16,16,25,30,16,28,39,28,61,70,87,26,33
0,0,2,0,0,1,0,0,0,0,0,0,1,0,1,0,2,0,0,0,0,0,0,0,1,0,1,1,0,2,0,5,2,2,0,1,6,1,1,0,0,6,2,1,1,2,5,5,2,8,3,2,5,5,3,3,4,5,2,3,0,9,3,6,5,6,3,2,2,3,4,5,4,1,3,11,9,10,6,6,1,4,3,3,6,4,1,6,0,6,11,4,1,3,1,3,1,5,4,9,4,8,4,2,3,5,4,5,5,4,3,2,4,3,3,0,4,2,8,6,4,3,2,3,0,6,3,3,3,6,4,2,6,6,6,5,5,6,4,4,3,2,3,7,4,8,1,4,5,7,3,4,4,3,2,3,4,3,4,4,4,2,3,15,5,10,2,4,5,7,4,7,5,9,5,2,3,2,8,7,8,2,10
ca6db6d4f02b7b946c57fc389e67dd7e
215,234,285,175,252,304,240,236,271,238,188,234,231,181,280,203,279,220,211,311,299,224,256,281,273,259,270,195,216,234,286,249,247,218,235,183,185,234,243,297,355,257,379,271,250,258,274,269,211,259,295,301,295,271,237,177,311,269,260,265,240,216,228,258,253,250,224,198,195,211,141,192,235,338,313,285,180,231,193,252,176,154,266,249,277,258,224,205,278,289,320,222,215,187,222,190,221,204,217,256,308,259,290,230,254,281,270,246,220,299,529,439,353,385,398,351,319,301,298,276,312,328,346,283,279,362,361,357,441,384,347,462,356,362,339,292,353,312,371,286,349,340,242,394,433,541,428,468,474,327,429,638,374,494,570,401,452,425,498,481,476,366,467,431,439,345,595,601,805,741,962,805,866,982,495,643,736,608,510,403,413,445,568
18,36,15,27,24,32,13,100,26,20,17,23,51,31,23,13,25,13,109,22,25,17,23,13,7,21,17,14,20,31,32,10,10,28,12,12,34,37,41,16,26,53,19,28,18,32,43,39,31,40,34,67,57,45,35,47,32,26,27,30,19,25,19,34,21,53,16,19,24,26,17,24,34,12,51,23,42,13,13,9,26,36,39,58,22,9,26,56,36,26,32,31,18,25,30,27,42,13,28,50,36,69,59,32,29,55,58,24,27,51,61,35,24,28,35,55,38,47,48,35,58,59,67,26,67,73,85,34,34,36,27,88,88,48,44,38,64,44,54,71,60,54,35,84,80,85,66,124,58,44,37,69,41,107,71,33,51,67,59,48,49,58,74,134,100,53,58,54,56,132,151,119,43,146,57,176,79,63,89,50,53,36,55
0,1,0,0,0,0,0,0,0,1,0,0,0,0,0,0,1,0,0,0,0,0,0,2,0,0,0,0,0,0,2,3,1,1,0,0,1,0,1,0,3,3,0,2,2,2,0,2,4,2,0,2,1,4,3,0,3,3,1,6,0,2,1,0,5,4,0,1,1,6,3,1,0,1,5,0,0,0,0,0,1,13,1,2,10,8,6,1,0,3,1,3,0,1,1,1,5,2,10,4,2,0,2,4,1,1,3,0,3,6,5,1,2,0,1,14,2,2,1,2,1,7,2,4,1,8,11,3,6,7,7,6,9,2,13,0,10,22,5,1,18,2,0,12,6,28,7,6,3,3,8,8,7,2,3,10,5,12,9,6,4,6,2,4,3,7,2,1,4,8,26,5,1,6,1,9,7,8,7,4,7,9,10
97de6333157f35467dff271d7afb0a23
279,455,773,936,779,846,631,526,701,649,814,1028,957,829,1023,1009,846,630,806,790,852,810,937,635,757,862,635,627,804,703,632,977,1094,957,524,754,562,910,906,989,797,736,728,613,812,758,836,856,817,685,847,905,956,824,694,744,622,787,634,578,653,599,509,604,523,534,548,582,638,515,515,564,642,595,553,624,349,404,517,525,518,548,698,404,307,579,479,362,440,443,410,396,405,380,418,474,482,457,347,486,489,413,399,391,286,267,428,364,475,452,404,264,239,336,373,269,275,330,305,297,263,335,309,379,348,263,326,389,359,324,359,440,354,296,325,282,344,269,395,252,277,405,382,250,334,426,263,226,267,254,284,326,297,291,290,234,341,316,283,285,218,320,297,283,272,297,316,408,204,318,422,256,239,235,199,155,262,265,263,357,249,246,217
30,71,213,156,163,143,137,116,185,138,190,190,149,141,194,77,111,177,116,68,65,107,95,60,70,45,224,68,61,103,172,91,110,93,271,92,137,94,63,111,79,63,76,107,72,69,104,80,95,88,73,111,173,119,75,40,66,76,68,134,45,65,47,68,50,32,29,34,42,70,27,14,36,64,44,14,17,53,76,51,30,30,45,18,28,39,77,15,34,28,19,32,20,17,28,25,37,35,27,36,19,44,40,138,37,39,39,69,42,23,34,26,27,16,18,10,30,38,44,40,21,49,137,34,21,36,16,23,59,21,33,25,28,39,15,24,33,15,17,14,25,27,29,18,28,27,11,17,24,23,33,56,19,120,25,15,21,26,26,25,17,56,19,9,17,25,12,16,23,27,22,17,25,17,18,17,26,25,50,18,22,28,30
1,1,0,4,0,1,0,0,0,0,0,0,1,0,0,0,2,0,0,2,1,1,0,0,0,0,2,0,0,1,7,22,11,10,2,9,10,9,7,7,7,2,11,3,9,5,6,7,9,2,6,3,5,11,7,7,4,9,7,10,25,7,6,2,0,5,4,5,7,3,29,16,5,8,6,3,1,4,5,2,2,2,2,6,6,4,4,5,13,3,9,37,2,3,2,6,3,1,2,2,3,6,5,4,4,5,1,2,9,4,2,10,2,1,5,4,2,2,2,8,4,7,0,4,2,4,5,6,7,2,0,3,3,2,3,0,1,1,1,2,2,1,4,5,0,4,1,2,3,0,8,6,4,4,1,7,3,7,2,1,0,3,3,1,5,2,2,8,2,8,7,1,2,1,3,2,3,5,4,5,3,0,5
34bc4bc49a725f2686a5cf9c89985798
104,273,74,61,46,22,70,72,68,37,68,60,59,113,83,92,93,36,66,57,89,47,67,84,134,101,57,58,95,72,72,78,111,92,107,94,89,92,147,103,115,136,117,118,92,145,76,108,83,91,106,103,113,56,85,135,132,103,134,71,71,87,137,145,130,154,97,79,96,119,126,76,123,127,94,125,187,251,153,111,104,73,232,247,152,120,121,110,106,105,166,208,236,89,93,79,81,124,127,62,101,112,69,155,107,135,93,103,135,83,71,161,124,97,100,110,74,114,159,183,172,192,167,132,227,162,225,96,240,125,88,240,127,141,146,213,190,210,155,209,109,143,142,202,147,231,130,185,88,204,221,84,106,177,269,94,183,185,121,212,165,178,156,157,118,113,143,171,135,124,153,155,109,103,168,176,170,127,156,80,157,211,196
16,7,10,10,12,15,18,6,4,18,33,3,12,9,5,6,4,7,10,11,24,7,11,23,11,15,12,22,9,38,14,12,15,29,30,12,12,17,5,8,9,9,20,7,8,7,9,13,15,18,3,19,10,5,7,30,18,5,3,2,8,7,14,23,25,33,11,8,9,16,15,205,2,8,12,14,31,24,14,11,8,7,5,25,10,26,6,17,22,12,11,17,17,4,8,10,8,14,17,16,5,25,10,19,10,12,22,7,11,24,12,15,4,24,14,4,18,4,9,55,28,25,9,18,22,16,27,14,22,16,13,23,31,7,38,30,16,12,8,17,8,10,9,8,15,5,10,7,3,8,7,183,20,21,11,6,17,45,11,22,17,24,25,28,18,25,31,17,8,21,27,25,20,11,10,7,17,34,60,23,58,27,21
2,1,0,1,0,0,0,0,0,0,0,0,0,0,0,0,0,1,0,0,1,0,0,0,0,0,1,1,0,0,3,0,0,1,4,1,1,4,4,1,1,1,3,2,0,2,4,0,4,1,3,0,0,0,2,4,1,2,3,1,0,1,3,4,3,1,3,1,1,1,3,0,3,4,3,4,5,6,1,0,4,2,1,1,2,1,3,2,3,2,8,2,2,5,2,1,1,3,1,0,2,0,2,2,2,5,1,3,5,3,1,3,2,1,3,2,3,0,1,5,1,4,2,2,2,7,2,4,5,4,2,0,2,1,1,6,2,1,5,7,0,4,1,2,1,6,7,3,4,5,4,3,3,6,4,1,5,1,1,0,9,3,2,5,6,7,1,7,1,4,3,4,3,0,3,2,4,4,6,4,6,6,7
f5a5373f30de984e9142a206f94a2f46
94,65,59,71,70,90,76,75,63,53,47,59,63,61,58,69,70,61,112,95,82,74,92,101,86,74,85,78,71,73,74,170,116,147,121,135,113,122,94,112,132,108,110,91,113,120,107,107,126,93,78,144,120,129,128,120,156,113,107,115,98,96,104,136,98,113,124,104,122,128,109,118,119,141,135,130,157,105,110,142,102,116,105,101,93,122,112,139,118,131,97,88,138,88,100,102,115,118,149,93,107,101,98,95,103,127,128,106,129,121,111,97,126,117,107,113,103,128,96,126,131,140,180,191,142,75,95,107,119,77,93,197,94,117,128,149,106,108,133,175,121,116,133,137,160,118,124,101,132,143,122,142,125,128,130,143,116,171,126,128,119,125,135,143,155,122,133,133,211,143,160,180,134,141,144,123,171,204,153,143,145,170,176
23,9,9,13,15,11,15,17,14,12,17,23,11,13,13,17,15,17,36,46,26,18,14,31,17,13,27,31,29,43,11,12,56,32,33,29,26,29,29,37,26,42,23,22,37,15,16,19,35,20,27,19,42,31,23,19,11,16,16,15,16,23,16,54,25,39,16,18,18,15,22,31,21,13,19,16,32,16,22,41,32,24,28,37,20,54,16,10,13,22,24,17,12,14,24,16,22,27,15,18,19,18,17,30,13,21,28,20,11,26,14,19,26,10,11,12,10,46,23,16,19,16,35,12,42,53,14,14,19,22,11,35,25,18,23,47,21,11,21,29,21,19,13,21,14,14,18,16,15,25,12,24,23,25,9,17,9,12,8,9,12,20,18,20,39,13,34,23,9,23,10,15,15,73,22,13,23,15,25,32,18,13,16
0,0,0,0,0,1,0,0,0,0,0,1,0,0,0,0,0,0,0,1,0,0,0,0,0,1,0,1,1,1,1,1,3,2,2,1,0,4,2,4,1,3,5,3,1,2,1,2,4,5,2,2,6,3,3,2,0,5,7,2,0,2,4,1,1,3,4,3,4,1,5,3,5,2,3,3,5,3,1,1,1,3,0,3,4,3,5,5,3,3,2,0,0,4,2,2,1,3,1,1,3,2,3,3,1,1,5,3,1,3,1,2,3,4,2,1,3,3,4,7,4,9,2,2,2,1,1,7,3,3,4,5,5,2,1,4,3,6,4,5,1,1,2,4,11,1,3,6,2,5,2,3,4,5,1,4,6,5,1,3,3,3,4,8,6,4,3,6,5,3,5,5,4,5,7,3,1,4,4,4,1,13,5
61dfd882204789d7d0f70fee2b901cef
122,113,115,147,102,121,155,114,111,67,137,141,120,93,119,124,101,96,71,88,117,114,76,83,78,86,87,87,82,85,77,95,191,69,89,53,70,65,67,89,80,88,66,71,74,68,89,63,87,77,143,94,73,82,90,104,86,69,85,102,109,85,67,65,68,80,74,93,55,76,102,48,80,77,80,65,59,47,40,59,52,54,53,55,59,59,60,42,45,65,45,53,47,34,51,54,42,32,44,48,47,68,50,37,41,44,49,50,28,42,47,35,26,34,42,41,57,29,34,40,24,44,30,47,48,38,42,48,44,51,55,51,47,23,35,49,29,40,58,28,51,47,29,37,46,45,36,33,49,46,34,37,39,37,27,30,43,46,29,41,66,41,49,37,53,40,42,45,55,44,48,33,34,31,38,63,47,57,63,45,26,44,47
18,25,23,15,29,15,23,13,6,30,8,31,23,24,19,18,11,8,9,11,5,6,3,3,4,17,6,2,5,6,5,18,7,6,19,12,8,6,14,13,4,9,6,6,4,5,10,12,5,4,11,11,3,10,2,6,8,15,5,10,0,6,5,9,5,8,14,6,4,12,15,2,8,11,5,4,5,1,5,2,8,2,13,2,14,6,10,7,4,4,1,5,5,3,3,5,3,10,25,3,5,2,8,0,4,1,11,13,3,2,3,4,7,4,1,3,5,3,1,10,7,2,8,14,3,5,8,2,9,13,2,4,3,5,4,2,6,2,6,3,3,4,3,8,4,5,2,1,7,4,12,2,4,5,5,1,22,5,2,5,4,4,3,5,7,9,12,9,0,5,2,2,3,6,18,14,3,1,4,5,9,4,17
0,0,1,0,0,0,0,0,0,0,0,0,0,2,0,0,0,0,0,0,0,0,0,0,0,0,0,0,0,0,0,0,0,1,0,0,0,1,2,0,1,1,1,1,2,1,0,0,1,0,4,1,8,2,1,1,3,1,2,2,0,1,0,1,0,1,1,2,1,0,1,1,1,1,2,1,0,1,0,2,0,1,0,2,1,0,0,0,2,2,0,0,1,0,1,0,0,2,0,0,0,1,2,1,3,0,1,1,0,2,0,1,0,0,0,0,0,0,0,0,8,2,5,0,0,0,2,1,0,0,2,5,0,1,0,0,0,1,0,2,0,1,0,0,1,0,0,2,2,1,0,0,2,2,0,1,0,1,2,0,2,0,2,2,1,2,3,0,0,1,1,0,0,0,2,3,0,0,0,1,1,1,0
7e0db58c13d033dafe5f5e1e70ff7eb4
637,654,709,565,606,594,565,652,586,520,684,627,720,619,583,616,606,658,644,830,780,688,843,813,708,828,759,781,690,782,868,953,1119,1043,865,711,844,978,937,953,989,890,863,838,932,1027,980,1096,835,988,1118,1057,1158,1087,911,894,1015,1114,845,927,899,918,781,1077,987,957,833,958,984,905,837,832,1065,1149,1083,963,830,922,974,818,894,1066,985,839,822,874,965,971,1080,1119,952,915,964,877,1169,984,956,970,885,999,1058,1081,1068,1169,947,1080,1101,1010,938,1066,1216,965,810,969,1010,1166,1050,1153,1092,980,1089,1077,1188,1143,1184,1112,1157,1209,1142,1298,1197,1163,1053,1183,1253,1186,1188,1349,1055,1014,1017,993,923,1108,1182,1074,1047,1011,1051,1018,942,851,878,908,678,831,906,1050,951,1032,1022,805,881,816,909,959,941,788,912,956,981,1387,1163,1000,911,914,879,823,917,962,1008,1064,1009
263,176,76,203,67,132,140,90,93,152,179,163,104,200,86,115,181,73,79,154,126,105,77,246,195,136,224,116,107,329,164,109,151,87,129,159,249,149,74,169,71,160,117,131,184,208,112,175,238,204,224,282,183,132,189,130,248,247,115,187,121,276,107,155,124,117,169,105,181,96,175,122,102,181,166,86,178,122,202,158,164,166,126,140,107,114,140,201,124,117,152,141,194,187,115,127,140,208,180,164,87,106,121,100,167,210,176,92,181,140,129,127,156,155,109,151,226,137,175,219,264,151,111,220,97,106,125,181,203,311,214,87,114,188,204,220,157,54,116,165,77,104,94,182,85,148,181,91,143,83,157,93,126,131,93,102,75,85,234,65,128,129,71,186,153,85,183,87,172,49,94,152,61,103,155,95,163,96,140,68,116,178,137
1,0,1,1,0,0,0,0,0,0,2,0,1,1,2,0,0,0,1,2,0,0,1,0,1,0,1,1,3,4,16,10,6,11,10,11,7,6,5,5,12,13,4,9,4,10,9,29,8,8,6,6,11,10,17,13,9,10,9,10,11,3,9,11,15,7,14,9,9,13,12,9,9,9,9,9,2,11,18,11,10,9,7,3,8,11,25,16,7,14,3,5,4,10,18,10,6,13,10,10,17,4,7,10,9,6,8,14,6,16,8,8,7,3,10,14,14,2,12,15,5,16,10,2,8,14,11,4,17,21,12,9,8,19,9,14,15,6,7,8,12,13,4,6,5,6,14,9,9,11,5,13,3,27,8,6,3,5,15,8,9,9,8,11,4,5,3,8,10,11,6,10,10,7,4,3,9,6,8,12,18,7,12
445a257964b9689f115a69e8cc5dcb75
70,66,52,53,45,103,47,97,114,55,49,54,57,126,65,56,75,47,65,64,58,92,57,48,59,92,61,74,51,58,34,105,75,45,49,40,52,46,56,65,36,54,49,65,42,50,54,42,48,56,55,101,63,65,130,88,84,110,157,148,59,154,805,1311,1151,403,313,222,232,256,200,238,164,193,291,177,139,254,171,137,164,158,171,175,218,200,195,227,347,449,758,1140,1318,1322,1014,1188,717,681,690,738,726,622,516,506,364,480,402,401,335,436,327,353,301,410,387,280,261,319,236,263,243,316,391,307,257,243,208,306,259,225,219,227,171,282,223,204,202,194,192,147,191,171,154,167,223,287,210,198,287,205,166,229,174,143,141,184,177,182,179,178,184,183,202,191,219,159,143,139,142,203,143,152,161,163,121,141,134,140,158,144,157,174,156
31,8,4,4,33,20,9,10,13,13,8,13,14,5,8,9,7,4,3,7,12,16,8,9,7,10,8,4,28,20,3,9,6,5,8,7,15,7,11,6,7,11,7,14,10,4,5,5,8,27,16,7,30,7,36,11,11,8,4,5,10,8,267,232,115,59,48,10,13,23,21,21,14,19,41,25,10,23,22,8,11,14,14,34,27,20,95,16,41,65,148,182,134,176,104,77,84,93,102,74,53,77,87,53,64,52,57,36,48,48,30,45,32,29,23,28,49,25,50,17,9,16,39,40,25,33,25,12,17,23,12,19,23,25,10,15,10,10,10,11,158,18,13,30,23,23,35,37,29,26,37,7,22,34,14,17,17,11,15,8,18,18,21,13,6,10,9,10,26,58,21,14,54,22,40,22,16,11,9,18,19,13,23
0,0,0,0,0,0,0,0,0,0,0,0,0,0,0,0,0,0,0,0,0,1,0,0,0,0,0,0,0,0,0,2,0,1,0,0,0,3,2,1,0,1,1,0,0,0,0,0,0,1,2,1,1,3,2,2,2,2,2,1,2,1,73,76,31,6,3,3,4,4,5,1,5,2,2,6,3,1,4,0,2,2,5,0,6,7,1,3,17,13,28,47,30,28,23,10,15,8,11,9,10,9,7,6,7,6,10,8,5,13,3,7,4,6,5,5,5,8,12,4,4,8,3,6,1,8,6,2,4,2,1,6,3,3,3,2,5,5,3,2,26,6,1,5,5,5,9,4,8,5,2,2,1,2,1,3,2,5,5,1,7,7,4,7,3,5,1,1,0,1,9,2,7,3,1,4,3,3,7,0,5,3,4
1339f978614ff19cd48f07e5420556d4
58,37,55,60,73,56,64,44,69,44,71,32,44,47,46,50,59,38,29,52,45,68,25,47,43,49,37,42,70,50,58,72,49,72,75,88,93,116,85,54,89,69,76,80,50,51,47,54,86,82,54,55,65,46,65,90,88,59,77,58,51,83,57,61,43,53,43,69,65,60,62,44,58,54,63,55,61,67,32,64,58,48,64,38,82,54,54,56,51,59,80,51,59,56,71,77,68,70,84,61,71,56,46,54,67,51,48,48,59,53,57,73,126,60,62,51,69,76,68,82,90,59,72,67,72,54,62,91,107,55,78,163,61,64,66,68,87,46,92,49,113,54,54,56,75,71,71,58,52,52,59,50,73,76,59,60,64,64,76,78,47,55,43,53,55,55,66,59,70,54,66,93,75,79,88,65,74,69,60,96,83,76,83
16,5,6,13,17,13,2,14,21,5,13,47,10,18,11,3,25,8,5,2,11,8,3,14,17,14,5,22,66,69,16,28,13,20,21,22,17,16,23,20,11,21,14,22,18,18,12,17,10,14,7,10,7,7,20,27,22,32,15,10,7,35,16,23,16,4,6,11,22,18,7,15,20,11,12,20,16,30,10,30,25,41,18,25,47,27,7,13,8,10,10,14,7,15,5,16,17,7,11,9,20,14,12,14,2,100,34,14,7,33,18,53,20,15,11,19,12,8,18,5,8,25,19,24,17,39,14,10,12,15,7,32,11,19,27,33,7,15,7,11,10,11,6,16,9,9,10,17,7,22,12,9,12,15,33,7,9,41,6,10,6,12,11,8,56,8,11,10,5,8,10,30,5,13,15,7,29,35,41,15,56,47,11
0,0,0,0,0,0,0,0,0,0,0,0,0,0,0,0,0,1,0,0,0,1,0,0,1,0,0,0,0,1,1,2,1,2,2,0,1,0,0,1,2,2,1,2,3,2,5,1,2,3,0,2,2,0,7,3,4,3,1,0,0,2,3,0,1,2,4,1,0,0,0,4,0,0,3,1,2,4,0,0,0,1,2,3,0,3,2,3,4,1,5,3,1,1,0,1,0,1,6,2,2,1,3,1,3,3,4,0,2,1,5,3,14,2,3,2,1,3,2,5,4,2,1,1,4,0,3,3,4,2,2,2,4,3,2,5,1,5,0,3,2,1,2,3,0,0,2,2,1,2,2,2,2,2,8,2,4,0,0,4,3,0,1,1,1,1,2,0,6,7,1,1,4,3,1,3,1,1,3,1,0,1,1
b7522cc91cf57ada15de2298bfd6a3ee
279,347,388,299,289,295,276,303,359,254,325,310,276,288,311,290,348,268,306,297,283,279,276,355,212,254,317,353,280,262,332,326,311,344,342,317,344,312,399,516,351,327,357,272,340,311,425,405,335,358,368,312,465,345,352,326,309,376,339,346,302,253,288,311,302,263,266,297,335,343,327,354,327,1236,1758,1453,960,640,506,613,763,543,504,489,488,453,502,451,481,514,412,396,372,451,462,425,344,380,415,334,485,303,261,318,302,314,385,398,307,298,299,278,268,376,324,304,333,309,355,327,292,375,378,410,333,328,269,363,446,319,334,293,299,296,290,298,367,347,402,261,340,332,262,365,345,369,810,701,813,802,707,631,723,822,689,710,597,573,501,564,522,514,482,544,618,605,456,450,506,506,492,580,586,446,403,452,396,385,451,467,450,451,358
73,98,76,70,69,59,63,41,62,99,32,43,39,39,49,122,62,28,79,69,45,59,38,45,69,65,93,32,70,43,44,44,71,37,43,36,49,43,52,48,33,34,73,70,50,48,78,45,75,66,75,46,65,35,33,40,37,41,32,35,45,33,28,24,22,47,39,35,77,40,52,37,57,275,344,284,118,167,74,73,85,75,95,66,130,138,56,73,71,73,46,43,48,38,48,51,35,51,49,60,35,29,37,22,41,46,35,67,43,42,38,36,26,53,35,37,32,56,94,44,35,49,40,35,45,58,171,40,62,46,28,40,65,305,43,42,45,43,34,39,70,50,37,37,39,97,221,114,100,82,71,140,89,101,63,62,84,65,76,99,63,77,29,72,68,147,61,42,67,58,49,45,61,73,85,53,35,37,53,46,61,52,51
0,0,0,0,0,0,0,0,0,0,0,0,0,0,0,0,0,0,0,0,0,0,0,0,0,2,1,0,1,1,1,2,7,3,2,2,6,4,2,3,4,2,2,1,5,2,5,7,4,7,5,5,2,2,6,4,4,2,3,2,4,7,4,3,1,4,4,3,4,8,6,2,5,22,25,20,12,6,6,6,7,8,8,6,3,2,2,3,7,7,6,11,5,2,7,3,5,7,2,2,14,1,5,0,6,4,4,7,5,5,5,2,2,3,0,2,1,2,6,5,9,5,2,6,9,1,2,1,3,5,3,4,3,6,3,6,6,8,6,4,2,2,5,3,3,7,18,14,13,9,4,5,7,13,9,11,10,5,12,4,6,5,3,4,12,4,7,9,6,8,4,6,7,6,7,8,3,4,4,8,4,4,6
