023406156015ef87f99521f3b343f71f
226,227,240,216,229,234,244,245,223,254,288,490,360,262,263,280,266,220,244,284,439,478,391,351,567,484,526,436,448,466,487,487,571,563,412,449,576,543,523,477,499,488,474,442,455,464,512,511,472,542,479,533,532,438,411,386,366,367,357,355,362,318,291,324,308,283,334,304,301,305,256,265,323,305,313,327,262,331,272,273,302,249,312,251,269,263,284,257,272,292,280,268,273,269,259,274,288,248,261,266,264,273,254,278,237,256,263,220,241,268,276,249,260,242,264,275,258,250,268,248,243,264,225,271,256,246,243,252,245,239,262,240,229,241,248,241,247,260,264,229,226,221,222,229,233,241,217,204,237,221,243,352,305,256,256,314,314,299,294,265,242,271,263,282,274,252,278,240,246,264,259,279,287,278,287,306,271,329,254,289,272,260,264
ffd47cf9cb66d226575336f0fa42ae25
35,43,40,38,40,40,35,34,42,38,48,37,34,43,35,41,40,36,37,41,32,37,34,43,46,47,31,21,36,44,47,51,48,45,37,41,44,34,43,43,40,34,44,37,43,47,40,44,45,42,46,44,46,51,51,50,42,78,94,82,64,57,63,48,48,43,46,43,50,51,45,52,42,55,51,47,49,45,52,49,45,59,56,48,49,50,49,43,46,53,42,39,47,43,41,51,44,43,47,39,43,56,56,34,38,47,49,43,34,51,43,43,33,43,42,33,48,55,52,46,56,54,40,38,52,50,52,46,41,57,47,53,47,45,53,65,45,59,45,48,42,52,47,50,46,44,43,32,41,46,42,40,34,42,36,31,32,64,47,40,43,47,35,35,37,39,41,45,32,45,41,129,133,112,51,41,48,46,59,47,55,50,42
2b7fedeea967becd9408b896de8ff903
5,3,3,3,3,3,4,6,1,3,3,6,4,4,2,5,3,3,3,4,7,2,3,4,4,7,6,7,4,5,8,7,6,7,4,4,4,4,5,7,6,8,5,5,5,9,5,8,7,8,8,4,4,5,6,4,4,5,10,0,7,3,7,10,4,6,9,6,7,2,4,7,7,7,6,5,4,2,4,0,3,4,1,3,1,2,3,1,2,2,2,4,1,1,5,4,6,3,5,3,2,2,3,5,1,2,3,2,1,3,7,8,3,6,4,9,7,5,7,8,8,2,3,3,7,4,8,5,5,6,9,9,11,9,7,7,7,7,7,5,5,6,8,6,5,5,0,4,4,6,3,4,0,2,5,7,4,4,5,6,5,4,4,4,4,2,5,5,7,6,6,3,5,6,5,10,2,5,2,4,2,6,7
25739ad1c56a511fcac86018ac4e49bb
17,28,22,20,19,16,17,19,17,24,26,20,22,22,18,18,22,18,22,17,23,22,23,22,23,21,30,34,27,34,44,41,49,39,39,39,40,38,40,30,41,34,41,37,41,43,42,42,42,44,48,34,47,41,64,55,54,45,49,57,58,79,58,61,60,51,56,56,61,49,43,48,58,80,73,66,58,67,66,79,66,57,73,64,68,54,62,56,75,79,57,55,76,69,83,71,80,73,84,70,75,75,87,67,73,61,72,71,79,90,85,79,53,64,75,92,67,74,68,79,79,74,120,153,136,91,90,88,85,83,85,94,79,70,92,89,77,90,66,57,75,74,79,77,74,91,64,75,77,79,68,84,94,75,80,94,85,93,89,100,93,97,95,122,90,94,86,80,108,106,100,115,97,116,97,83,110,103,110,114,116,111,98
28e32be6ba67e0c6fdfdff80ce07dfd4
29,37,35,38,33,39,33,30,33,74,92,102,97,92,97,146,268,262,299,299,251,257,237,148,166,152,142,159,145,135,167,145,165,148,126,152,124,159,135,138,131,125,126,133,122,112,128,126,121,124,111,142,125,132,125,119,127,149,158,126,160,115,100,127,108,115,129,130,138,108,134,135,139,121,125,134,135,148,131,116,109,115,130,116,117,140,111,113,114,125,113,103,110,104,122,117,111,104,111,125,120,123,131,124,125,130,98,131,116,136,144,121,100,116,117,131,135,138,121,101,129,109,105,121,138,108,126,113,133,126,124,124,124,107,116,134,125,113,118,114,83,115,119,111,130,128,112,89,97,111,132,117,116,80,93,131,126,113,102,112,94,90,98,121,112,122,125,110,105,117,115,129,110,116,93,97,91,119,107,94,111,91,100
4ee3f9c90101073c99d5440b41f07daa
15,25,30,17,22,30,19,19,14,13,13,11,16,26,13,15,15,18,18,20,17,22,17,15,17,14,14,20,20,12,22,17,13,19,20,18,15,15,23,19,25,18,20,15,19,11,16,8,9,12,17,16,16,19,16,16,25,17,15,20,31,15,15,20,20,20,15,18,11,14,19,12,14,17,17,19,17,20,26,18,20,25,18,17,20,22,24,15,17,20,20,27,19,17,17,21,17,21,14,15,17,18,15,17,16,17,10,20,14,18,21,15,16,21,18,15,12,19,10,18,16,16,18,16,18,19,15,14,16,25,16,16,16,10,14,12,16,12,16,22,12,17,15,10,8,16,11,21,13,13,15,19,18,19,18,18,17,15,23,16,20,15,15,17,23,17,12,19,17,16,12,19,14,21,18,14,18,19,22,19,16,12,13
8da51d03b8b8717431e8b902856fb45e
298,290,323,340,348,345,294,296,312,406,418,348,417,424,442,434,413,359,363,359,366,374,347,321,355,436,456,370,424,443,468,454,472,552,550,563,564,509,480,507,505,440,418,451,465,547,536,521,530,530,509,521,527,522,536,456,502,513,470,460,517,510,455,486,476,520,549,543,526,496,455,479,520,721,774,774,680,680,687,661,689,683,594,611,619,599,636,620,653,611,582,579,614,625,607,619,617,571,592,605,630,648,650,612,565,628,603,567,578,616,600,492,514,601,597,594,613,600,611,570,581,642,622,658,660,603,584,668,665,643,635,624,583,605,557,623,597,618,626,507,564,567,605,602,566,547,511,562,569,583,608,589,509,525,517,540,564,577,623,530,552,567,631,645,680,623,610,568,596,599,603,635,604,646,591,615,602,647,630,616,571,545,571
099cd99056bf92e5f0e384465890a804
490,511,560,562,484,728,856,734,1037,907,799,883,835,819,816,687,685,675,637,631,613,632,651,727,755,757,706,633,650,662,696,644,641,621,610,604,641,580,584,566,576,611,594,930,998,872,747,707,671,676,702,677,664,679,686,664,692,686,684,653,687,624,584,657,644,604,617,633,585,596,591,578,633,601,640,569,563,558,605,552,573,697,671,646,652,699,657,666,691,594,666,598,631,641,603,598,551,615,584,651,635,727,722,733,659,631,733,690,684,729,662,679,667,727,671,634,700,665,740,630,700,704,742,790,717,764,751,743,719,717,1531,1365,1159,1009,971,926,826,867,813,715,791,806,2431,2364,1140,1053,888,851,978,1044,956,985,876,813,794,906,857,837,828,742,727,722,810,748,763,706,692,673,688,741,841,871,876,921,834,819,837,881,893,952,897,806,849
8fb3cef29f2c266af4c9ecef3b780e97
298,271,291,304,294,325,277,289,323,306,319,362,410,352,316,374,333,379,387,425,460,421,348,373,438,402,418,390,399,427,453,435,450,483,457,435,448,454,423,412,435,364,437,410,443,449,437,437,440,426,418,437,435,414,459,405,441,450,468,431,463,466,529,551,552,483,531,492,514,464,458,433,501,507,481,485,449,494,459,502,476,488,519,455,493,512,538,500,489,496,438,450,493,493,501,467,488,441,458,468,507,490,509,478,436,447,483,477,473,439,449,426,458,535,467,453,472,436,417,424,446,461,438,454,393,399,416,427,436,434,823,954,859,851,890,774,660,631,572,486,507,538,537,537,496,854,1791,2040,2165,2037,1958,1907,1936,1962,1871,2452,2330,2041,1991,1960,1760,1764,1768,1753,1733,1652,1673,1440,1445,1557,1505,1446,1474,1457,1324,1311,1311,1239,1341,1337,1344,1264,1301
2e14d32266ee6b4678595f8f50c369ac
747,765,737,774,814,833,795,793,806,830,874,836,937,946,903,884,910,927,920,923,927,910,867,920,910,907,987,956,982,1700,1929,1596,1281,1217,1306,1241,1340,1274,1227,1292,1299,1240,1211,1154,1194,1149,1083,1123,1129,1065,1082,1135,1128,1151,1151,1089,1061,1069,1118,1138,1145,1080,1028,1079,1093,1077,1105,1088,1108,1027,1119,994,1138,1073,1108,1129,1091,1074,1082,1157,1228,1230,1214,1145,1147,1160,1197,1144,1160,1117,1034,1081,1060,1074,1102,1171,1083,1114,1176,1110,1200,1077,1119,1157,1030,1073,1088,1061,1057,1091,1095,997,1065,1271,1297,1434,1609,1288,1220,1181,1154,1222,1183,1230,1264,1210,1209,1261,1246,1271,1247,1360,1233,1276,1255,1306,1308,1344,1337,1237,1266,1242,1241,1198,1188,1240,1147,1146,1142,1188,1150,1225,1203,1096,1126,1149,1182,1194,1279,1434,1317,1162,1204,1235,1245,1172,1212,1167,1153,1229,1193,1155,1281,1318,1180,1223,1200,1091,1148,1202,1221,1188,1196
e087f8842fe66efa5ccee42ff791e0ca
26,43,41,58,64,42,41,32,39,41,40,47,48,43,31,39,38,43,48,42,50,35,38,38,34,32,41,43,30,42,50,56,46,35,37,38,45,40,45,55,53,38,32,43,44,45,47,46,44,41,50,57,45,46,53,55,40,42,41,54,35,37,32,44,48,33,42,35,40,29,38,40,34,43,44,38,38,33,40,39,36,29,41,40,32,49,64,52,55,48,52,33,43,48,61,55,33,46,46,41,40,56,36,48,50,39,55,41,46,59,55,53,50,60,66,49,66,57,50,59,53,55,56,55,49,46,48,45,58,57,51,46,49,45,45,61,45,50,37,51,61,41,43,49,58,34,35,31,33,43,49,35,42,43,36,48,51,36,48,41,37,31,40,40,44,52,42,24,34,41,41,37,31,39,51,43,44,42,45,38,44,41,39
c5eac1d455675dfbc99f6c70f7b3971f
19,6,22,12,21,10,11,11,21,21,26,18,13,16,8,9,15,12,14,14,15,12,10,6,8,8,15,11,10,17,27,19,20,20,24,19,15,21,19,14,23,8,16,11,22,18,16,21,23,31,20,16,19,15,20,18,26,15,15,14,13,22,15,9,20,13,11,16,18,15,9,17,18,14,16,21,14,12,15,16,17,17,15,15,13,14,25,18,19,16,19,15,20,17,19,14,12,17,15,15,17,18,14,15,13,17,19,15,16,26,23,17,22,23,28,16,26,20,22,20,25,19,21,21,20,29,23,23,19,21,17,22,24,29,14,24,16,14,21,23,19,22,17,19,23,21,16,16,16,12,15,13,14,16,13,14,15,15,12,18,16,14,12,18,23,19,19,17,19,10,13,14,14,14,12,18,11,22,12,17,17,17,17
e6e2fff03cc32ee9777de2c2ed5bac30
69,58,69,68,78,69,68,67,83,81,82,90,88,87,99,81,95,92,88,91,95,94,89,104,100,98,97,100,103,90,99,129,114,95,110,97,95,114,100,104,112,109,117,106,94,120,113,127,134,133,142,131,124,131,121,142,124,97,131,123,107,94,114,100,110,106,128,108,112,117,117,121,135,125,136,111,107,107,117,123,116,114,135,130,123,122,120,131,120,115,101,107,105,111,121,121,118,116,136,113,102,116,105,112,117,119,112,124,116,115,116,95,124,149,151,124,128,149,151,150,145,159,140,145,133,142,148,134,130,154,160,145,139,154,177,154,150,147,138,153,160,159,127,151,146,152,144,142,178,142,154,160,142,161,135,152,147,163,171,147,160,140,131,151,135,131,154,153,153,143,152,150,158,153,146,156,141,156,167,171,173,170,156
4b8eb68442432c242e9242be040bacf9
593,598,698,724,705,762,688,781,721,715,647,757,717,757,765,754,740,741,712,889,1099,1020,909,961,928,1006,1094,1068,1067,979,992,994,1016,1013,1011,1021,1026,937,898,991,959,1140,1315,897,961,899,978,874,898,912,930,1000,940,1024,941,911,937,881,848,882,998,839,807,897,830,865,867,936,828,862,909,785,929,878,943,842,989,1552,1408,1297,1221,1481,1262,1181,1206,1122,1186,1093,1247,1479,1665,1371,1163,1140,1164,1219,1061,1095,1159,1173,1265,1194,1220,1114,1089,1197,1136,1217,1444,1468,1125,1111,1130,1218,1127,1104,1204,999,1037,1133,1062,1066,1078,1164,1071,1046,1111,1067,1119,1052,1282,1047,1024,1068,1059,1076,1066,1150,1034,1004,1012,1036,1021,1041,1141,1029,1290,1373,1150,1078,1035,1202,1020,939,1023,972,1037,1048,1212,983,945,983,1002,1032,1079,1074,1005,1033,1071,985,981,974,1054,990,936,996,1005,1092,1012,1153,1066,1037,1012
6f462b173b2d6d20a2c9fb1ec0fd2dda
238,216,294,354,326,452,928,1047,585,384,404,388,382,277,290,263,264,209,214,198,204,188,196,200,178,180,189,369,365,288,235,256,254,285,272,289,258,240,244,242,252,235,273,232,223,263,210,221,217,290,212,216,232,215,244,225,280,213,217,195,196,217,194,270,200,210,223,208,199,192,250,214,213,232,204,210,210,269,210,193,197,180,207,184,244,180,180,198,212,193,191,258,232,194,198,206,230,363,431,359,288,277,256,247,215,271,322,352,321,250,269,239,290,248,219,221,239,226,208,252,212,208,216,217,233,223,265,229,214,258,309,370,344,387,407,400,370,350,358,331,383,314,261,222,260,272,228,244,232,237,259,244,257,230,285,268,218,293,253,226,212,248,237,238,243,239,229,192,242,209,223,237,215,224,162,236,262,230,247,206,228,195,234
9e58afbf3fea116b0050bf56bfb4442e
136,124,124,151,153,139,155,127,118,101,110,130,122,133,133,118,112,115,111,130,128,129,119,125,126,139,137,151,141,135,144,140,159,168,144,164,142,159,148,151,144,181,158,139,152,162,173,166,163,171,188,171,166,181,162,211,166,156,168,161,174,193,183,188,159,167,156,163,146,205,194,162,174,159,186,193,215,200,166,181,160,184,205,219,204,199,197,186,197,187,213,217,204,195,215,201,201,213,236,219,210,198,219,198,204,202,214,196,193,210,205,188,213,198,200,222,230,238,237,211,215,238,218,253,218,246,228,221,236,237,239,263,201,221,268,237,248,239,224,208,214,251,254,239,225,228,214,212,213,212,239,233,244,214,219,235,258,228,212,229,209,223,220,220,209,228,227,216,222,243,230,232,206,219,209,214,223,235,243,261,247,231,210
8f29cbc2a555034643d66f9e83dd7a7a
44,50,41,61,54,49,58,52,57,48,43,55,48,40,46,28,47,47,43,54,52,48,45,50,40,45,54,42,47,45,60,54,52,46,50,47,49,41,53,44,47,48,42,47,51,49,41,49,46,50,47,48,43,46,46,51,56,60,50,48,67,63,64,68,53,48,64,66,76,75,83,54,71,80,63,56,64,55,72,68,63,63,54,64,60,56,48,54,56,38,58,54,64,56,75,56,63,63,66,69,60,41,59,63,57,61,55,41,62,51,62,52,52,50,51,52,50,56,50,64,55,64,63,47,53,44,46,55,61,43,56,73,56,61,64,68,67,61,47,45,45,64,51,59,55,43,46,49,61,57,53,56,43,45,46,52,52,52,73,61,70,71,69,56,79,80,76,64,63,76,70,56,69,82,70,65,84,80,86,88,86,96,85
be0c7a23c2aa9afb45163995b9ec938c
150,183,208,204,206,188,196,184,197,174,220,183,196,215,214,193,194,195,239,206,216,223,192,235,195,208,206,217,221,215,264,289,264,264,260,218,261,264,241,271,283,261,240,282,252,270,298,331,266,298,290,269,273,263,304,273,274,276,310,257,277,275,227,243,236,461,504,477,439,332,354,326,360,352,367,384,389,364,344,334,332,334,309,336,344,301,311,356,303,321,331,327,323,325,334,310,673,834,760,708,508,490,505,445,439,454,442,434,431,431,454,377,340,394,399,379,407,409,353,386,385,384,400,405,376,341,333,374,353,396,392,397,338,324,339,355,354,356,356,330,323,343,334,323,363,356,338,317,378,344,381,375,362,334,357,355,369,347,359,329,321,328,351,374,378,351,448,394,351,445,388,421,377,414,360,358,373,352,395,416,367,313,365
2ec1450a1389d4e3fc2a9a76c9378bb3
239,212,212,213,225,253,273,266,220,203,236,450,665,1611,2503,2290,1722,1124,956,970,861,764,702,631,627,658,634,659,676,598,571,593,546,518,526,492,513,440,435,435,535,568,547,531,487,460,479,461,465,464,446,407,398,484,482,505,454,424,417,455,455,419,336,426,435,437,423,390,454,401,419,400,416,394,403,394,367,383,396,399,393,349,371,364,409,362,409,392,346,388,378,375,368,374,386,382,406,371,389,377,386,368,374,394,370,385,367,349,364,360,409,408,417,432,412,365,378,377,380,445,402,393,368,387,412,371,407,377,359,401,424,390,349,378,345,344,361,363,383,351,363,348,363,354,380,346,338,349,316,320,352,328,379,367,365,338,342,378,361,396,379,380,376,406,374,362,384,369,364,353,351,367,370,375,316,371,314,320,337,365,463,408,420
5e2ef5473cbbdb335f6d51dc57845437
209,217,218,255,248,255,246,257,233,224,251,267,295,232,273,252,268,248,306,282,272,294,278,275,260,229,238,252,262,242,269,306,302,310,278,281,301,302,315,304,299,306,286,301,286,304,327,313,284,305,335,326,306,332,319,326,297,305,326,309,340,279,293,329,317,320,317,313,317,316,321,292,329,309,324,324,325,323,292,297,336,321,323,338,336,324,330,321,307,340,329,340,289,337,299,334,286,318,300,350,365,323,319,323,266,323,295,312,315,357,344,270,279,470,440,381,399,347,358,382,373,373,395,410,345,382,348,364,382,417,497,697,688,679,710,705,667,598,577,489,484,551,461,453,444,468,389,428,398,423,428,444,454,397,390,428,449,460,446,375,375,410,388,403,418,393,435,408,403,414,388,445,459,452,373,388,387,395,469,469,451,388,371
9f69ffd8852196e02cfa19b5cd9bc432
37,47,37,51,37,45,59,32,48,46,43,53,51,59,65,54,40,46,59,50,64,63,45,46,57,59,51,47,55,63,57,65,56,56,68,58,68,66,57,66,52,66,61,55,59,63,63,62,87,62,60,58,70,63,63,71,72,71,63,70,72,69,63,70,64,79,76,71,82,74,69,51,65,61,70,73,60,63,69,79,75,59,60,62,69,70,70,71,73,72,67,58,65,70,69,61,60,71,55,53,64,76,64,67,64,63,71,68,79,70,59,63,58,67,69,64,80,71,66,62,69,55,70,73,66,65,91,72,74,77,66,70,65,73,78,72,54,60,75,83,72,59,67,93,70,81,71,59,81,78,61,62,60,68,65,83,79,70,86,81,61,77,88,77,88,75,81,75,75,90,88,82,93,81,84,82,88,92,109,92,108,176,165
0c80008b0a28d356026f4b1097041689
58,50,56,65,60,69,60,65,53,64,58,54,60,62,63,72,83,83,79,68,91,91,79,87,86,85,100,101,91,94,83,97,90,94,91,116,109,114,92,103,120,109,77,109,117,142,109,106,124,117,113,105,147,110,128,139,131,106,124,122,127,136,150,150,127,146,131,138,135,142,129,125,135,129,183,191,171,172,168,148,155,143,139,173,150,136,126,124,153,139,137,145,136,144,134,128,147,149,135,166,143,138,140,136,123,133,154,154,148,143,141,133,133,141,147,138,144,152,135,149,150,145,156,144,151,152,156,144,144,140,149,129,145,137,151,166,135,137,159,132,132,143,147,128,149,131,116,123,133,139,137,152,151,167,134,140,141,153,149,118,153,149,149,128,165,152,142,170,125,142,163,163,158,142,155,138,143,159,133,180,184,138,162
ac43c6ce2f9df4adfbb05edd97cecbcc
368,395,371,354,363,387,354,320,331,344,319,357,358,364,502,456,343,336,390,370,314,372,340,366,372,341,373,339,327,343,400,415,421,396,363,349,391,370,413,401,442,387,412,410,467,419,410,416,395,464,457,434,424,431,449,430,426,376,436,466,475,441,413,475,495,494,461,451,476,407,470,436,475,487,481,446,443,459,414,484,660,539,486,553,494,422,470,473,490,469,449,456,405,464,482,457,482,434,441,486,476,419,449,449,432,446,472,470,483,462,472,458,415,497,507,491,496,468,476,504,500,536,556,535,477,503,499,506,542,531,495,536,457,485,545,546,504,525,493,438,422,512,457,479,473,438,433,470,484,460,494,495,455,468,441,494,559,558,582,532,449,490,531,586,532,505,578,508,498,555,570,491,495,572,504,534,496,565,499,509,482,473,519
82fda1f850a9fe22e41b5c8dadaff4ac
80,71,71,74,70,69,79,77,74,81,57,70,69,70,80,52,56,68,56,69,75,91,64,58,209,153,102,119,114,141,130,105,123,109,121,105,94,88,84,123,111,106,99,90,91,111,105,93,102,88,86,103,94,100,102,103,94,89,87,104,121,100,93,96,108,76,90,86,102,92,94,92,96,89,110,88,88,97,96,96,91,102,94,93,100,72,70,89,101,94,92,108,97,79,98,100,100,106,97,96,114,97,100,102,93,99,105,107,105,122,88,76,98,83,164,115,106,98,96,81,80,81,95,129,105,89,63,76,94,86,101,91,67,82,88,85,86,104,106,83,97,99,85,74,102,99,84,93,87,93,81,102,95,89,90,100,80,100,107,96,82,82,86,88,87,95,88,69,72,72,100,85,103,94,77,72,77,74,85,94,75,76,57
d773376e46311393cd89994bf9a93043
347,341,361,379,345,368,356,336,367,328,347,342,334,321,320,274,314,376,427,426,410,455,479,526,556,530,579,566,522,624,676,700,613,587,547,489,600,559,566,569,532,519,450,623,542,572,509,485,503,459,562,504,509,486,475,457,461,556,487,517,488,416,384,406,501,437,475,468,472,465,435,450,474,456,465,421,438,413,475,401,458,393,423,376,365,439,397,425,375,365,364,326,423,362,413,378,375,370,351,455,363,399,380,337,317,311,448,373,377,347,375,313,299,394,343,357,333,310,295,301,406,345,364,348,349,316,295,433,390,416,368,320,323,313,441,372,385,334,348,311,277,424,334,339,334,315,301,288,392,297,321,302,284,257,256,358,297,333,318,283,291,259,368,307,349,301,308,272,244,400,294,338,274,288,259,283,354,268,316,280,258,239,250
6bb4c3bbdb6f5a96d643320c6b6005f5
270,266,304,316,300,327,306,323,300,308,331,334,361,319,324,287,324,320,316,344,328,340,310,329,344,331,354,343,336,356,382,359,329,352,321,323,305,332,359,360,369,337,307,317,362,385,374,358,339,324,346,418,353,354,379,348,353,355,400,351,334,355,299,331,323,397,331,336,362,342,346,359,436,414,416,370,334,372,412,371,398,383,403,360,388,387,400,411,387,370,365,379,363,356,386,388,393,377,373,362,347,398,374,371,387,404,364,373,413,388,437,384,402,396,391,383,419,434,449,410,426,446,451,459,420,406,430,433,450,456,437,421,432,422,420,427,458,456,420,376,448,447,422,433,452,466,410,426,404,415,400,363,398,351,391,419,399,393,371,403,339,357,401,379,376,396,378,365,400,364,392,412,394,428,402,399,416,424,426,405,427,387,385
6a493121e53d83f9e119b02942d7c8fe
176,154,118,121,119,87,100,111,131,110,104,81,100,95,100,126,107,93,92,82,96,105,130,98,99,130,104,112,115,159,166,148,146,188,171,165,231,187,147,156,154,208,205,214,216,187,161,142,212,196,274,242,213,200,189,214,221,285,255,195,181,195,204,193,235,216,249,219,242,239,227,271,234,192,186,210,244,238,270,227,228,192,207,244,246,260,264,250,209,200,254,239,270,248,218,177,210,261,251,286,287,226,207,210,243,225,272,255,233,200,201,244,228,264,240,226,210,187,248,256,306,280,255,223,230,247,254,286,282,260,205,219,251,221,283,291,241,238,204,256,230,294,247,222,178,213,246,208,249,217,203,177,195,220,172,263,253,238,181,189,208,199,252,219,204,165,192,251,187,289,256,212,184,200,224,207,271,209,212,179,192,206,168
c026b84e8f23a7741d9b670e3d8973f0
170,170,154,155,156,146,145,127,156,137,142,138,136,136,209,201,161,178,165,161,150,159,148,158,163,173,147,137,166,181,188,192,192,229,189,191,225,184,232,236,215,207,183,212,202,221,235,197,194,204,203,215,205,199,205,216,197,220,203,211,182,169,177,216,195,213,201,281,285,305,322,298,297,315,336,320,297,299,284,289,275,293,297,261,281,240,262,258,237,258,261,265,263,258,268,231,262,252,263,253,284,260,260,288,255,268,260,228,247,271,269,224,202,269,269,278,291,281,275,288,277,281,279,293,302,267,275,272,300,307,309,237,278,270,278,303,299,258,256,239,269,271,285,584,1011,1244,1286,1366,1307,1231,1214,1196,1281,1157,1052,1166,1251,1014,934,933,853,798,973,1144,1008,891,1081,937,883,944,873,836,769,839,697,726,781,779,791,753,722,653,657
c5f0170f87a2fbb17bf65dc858c745e2
762,705,754,743,682,663,662,672,673,699,750,706,713,679,714,794,738,749,736,713,796,960,934,852,797,769,792,770,788,832,829,945,915,934,814,844,916,899,939,875,896,1061,1113,984,977,1048,936,900,898,865,951,976,1007,953,982,958,965,939,960,976,962,951,920,957,967,1016,1009,1077,1045,1035,1010,1003,1186,1123,1061,1078,1028,1091,1053,1118,1143,1092,1075,1008,1019,1046,1066,1112,1057,1048,1000,1020,1005,1059,1139,1078,1064,1076,1025,1044,1136,1110,1074,1050,978,1017,1063,1083,1109,1037,1053,981,908,985,978,1060,1072,1032,1008,980,1072,1026,1095,1125,1069,1028,1064,1035,1075,1182,1201,1183,1027,1036,1138,1134,1221,1161,1177,1179,1167,1262,1248,1368,1341,1306,1290,1395,1391,1351,1367,1265,1301,1148,1130,1233,1320,1311,1272,1211,1128,1074,1217,1270,1310,1195,1241,1165,1128,1185,1217,1232,1226,1174,1142,1083,1132,1144,1197,1172,1198,1152,1033
3964ee41d4e2ade1957a9135afe1b8dc
172,148,164,179,184,159,189,180,170,139,154,153,151,182,163,164,158,162,173,164,182,190,170,196,175,214,201,207,236,223,186,210,195,210,264,229,205,227,212,212,218,223,236,206,222,198,213,228,241,223,244,243,215,216,229,251,228,244,234,272,244,235,241,270,238,224,236,236,236,234,235,232,258,260,246,240,237,253,219,220,223,230,222,225,252,221,248,280,246,262,282,280,264,263,261,229,278,265,282,294,273,267,256,250,247,232,251,259,262,291,285,226,259,286,248,270,264,283,282,266,266,284,280,275,297,255,290,312,286,317,276,269,262,241,262,295,284,273,270,248,245,244,240,260,274,279,252,273,286,272,276,232,288,257,236,253,270,261,272,264,247,238,242,276,275,236,306,235,230,263,265,264,282,278,240,246,293,288,252,259,258,271,238
f6e0f05fde7637afb8f8bc6bda74ca24
105,108,116,106,108,138,112,107,99,102,103,113,116,108,102,99,109,113,99,112,97,111,117,89,94,106,107,115,104,106,124,113,112,126,129,119,131,122,124,114,118,105,103,123,120,119,131,112,117,104,111,123,131,111,139,129,126,103,111,112,110,112,95,112,119,108,105,104,121,102,101,92,120,121,104,114,111,99,102,90,111,108,109,86,103,101,111,108,98,103,83,97,92,92,91,106,106,73,89,84,103,104,92,126,107,91,104,121,104,97,106,97,89,84,123,112,101,115,98,86,103,108,114,96,113,97,88,99,99,99,102,92,89,90,103,103,98,110,108,79,97,109,86,101,99,94,94,86,118,111,96,117,93,81,66,125,108,95,96,93,81,87,87,99,119,98,90,95,80,90,117,88,102,93,100,88,98,78,82,96,95,94,70
53dd7de874e0999634c28cdd94d21257
42,57,56,61,51,61,69,50,55,57,59,57,50,58,39,62,44,57,74,63,53,55,56,67,56,57,63,61,45,56,50,62,59,72,68,74,73,64,59,82,65,59,79,73,74,64,79,80,59,72,73,77,73,75,80,63,81,84,77,81,93,66,71,63,92,79,82,89,77,71,73,72,80,88,68,88,85,69,90,74,96,74,94,83,78,71,79,90,69,86,80,71,79,100,80,74,85,75,89,67,84,74,93,80,76,77,86,85,80,80,86,66,66,72,72,69,63,66,66,72,59,88,60,66,72,68,66,74,80,79,75,57,73,78,88,99,90,86,84,82,69,83,68,70,80,89,73,67,59,69,87,61,77,80,76,67,84,77,76,85,79,84,72,91,166,126,145,92,102,102,113,100,109,134,121,103,116,156,137,140,172,144,140
03c6699ea836decbc5c8fc2dbae7bd3b
184,138,130,2181,2537,1012,765,706,709,841,1594,1632,964,553,620,689,746,912,948,865,776,837,802,593,1320,1844,1631,1028,965,1080,997,811,707,753,836,712,724,701,820,638,542,543,506,690,571,481,479,422,407,403,366,366,369,361,321,354,377,361,386,387,402,329,306,294,381,335,372,379,312,355,331,307,322,294,334,306,313,309,281,320,278,299,277,292,332,334,272,293,265,266,266,325,294,276,280,261,288,311,274,294,276,279,300,277,244,269,256,305,324,319,327,314,259,282,271,258,334,319,307,292,269,252,268,268,266,276,249,238,253,292,304,261,267,288,226,243,245,276,234,211,227,268,264,238,221,214,214,224,197,281,231,274,222,331,321,270,246,268,220,229,225,239,299,296,354,478,380,273,386,530,350,244,225,232,217,210,215,227,227,228,223,211,214
1731019fbaa825714d5f8e61ad1bb7ff
67,73,71,73,59,87,81,90,81,81,75,86,88,93,73,76,102,115,123,132,105,124,218,304,390,364,387,400,375,422,373,326,310,303,292,292,310,325,290,303,292,308,255,313,306,301,293,297,291,263,278,258,285,271,261,240,264,309,321,332,282,273,253,247,234,254,262,265,246,275,233,221,258,253,238,259,240,227,236,217,223,218,212,203,218,235,269,323,332,341,337,353,325,340,414,404,418,367,356,336,276,300,319,302,296,284,325,306,290,282,304,284,253,244,276,255,295,275,251,235,256,277,250,283,267,224,233,256,281,230,245,243,233,221,254,229,266,272,257,207,229,230,244,243,253,241,243,193,239,205,251,241,226,185,176,233,240,225,221,233,186,207,218,249,260,228,261,216,206,267,258,446,466,390,285,249,263,254,283,290,269,256,211
bf21d16799b240d6e445fa30472bd50b
7,8,8,15,12,6,11,12,10,9,12,15,12,11,9,15,14,12,10,12,14,14,11,11,13,11,9,16,14,13,16,8,12,15,15,14,10,10,10,13,9,9,13,5,12,9,9,13,15,12,14,10,13,11,13,12,7,14,6,16,11,10,14,17,11,7,11,10,8,16,14,13,11,19,13,16,15,20,9,21,16,9,12,25,16,13,14,15,15,20,14,13,20,29,37,19,28,17,13,11,16,19,19,16,14,9,11,16,12,11,14,11,15,15,14,12,11,8,8,13,12,12,13,13,9,7,13,13,13,8,16,7,12,13,12,15,14,11,9,11,14,14,17,15,13,14,9,9,10,10,12,12,9,10,10,8,17,13,6,9,9,11,14,17,18,13,14,13,9,18,13,15,12,14,12,12,9,9,16,14,13,11,12
025943df23acf5d3863b35fa6e0d79ec
72,60,62,182,103,65,75,84,68,74,71,91,75,76,84,73,71,69,75,87,74,80,88,82,73,73,76,86,84,89,139,137,98,121,82,113,119,146,129,86,127,183,173,184,185,265,188,190,153,165,170,188,184,122,120,134,142,142,203,219,151,127,114,151,144,157,206,141,122,114,132,121,169,183,229,244,143,163,129,174,284,251,189,175,185,152,187,208,143,154,136,171,136,175,208,124,142,128,156,143,167,202,137,127,108,146,145,156,171,149,146,99,119,122,177,194,135,123,116,119,117,163,193,129,139,99,137,130,171,224,144,133,93,125,115,173,180,112,109,100,121,135,130,185,122,124,120,156,132,183,184,133,295,245,185,194,215,231,164,163,156,163,122,196,212,146,171,160,160,143,183,198,153,180,156,163,173,200,206,159,177,156,172
b6a175a48743caed6d035444c069ab64
69,58,43,63,58,55,58,52,43,63,50,69,50,52,64,69,59,70,41,50,63,60,59,65,64,74,67,74,97,83,98,87,97,84,92,93,97,83,88,88,84,94,103,85,86,91,84,101,110,99,87,94,104,73,98,94,90,80,82,104,109,96,101,123,93,82,87,105,105,105,116,131,158,132,112,114,123,110,102,98,92,99,90,90,100,85,80,88,72,81,92,78,91,97,79,95,84,96,101,86,113,88,87,87,93,82,91,83,105,91,112,84,100,110,86,88,109,110,112,94,82,96,89,95,89,79,83,105,104,113,111,96,96,92,93,93,101,101,86,70,90,100,77,76,99,79,101,87,95,94,91,91,91,86,74,95,74,97,97,91,81,72,108,110,93,91,97,85,84,94,95,94,86,108,102,93,101,119,104,103,98,95,89
4f3f68292e50f39cd8142733512c07d6
149,149,149,155,187,173,163,167,201,290,339,210,174,183,174,161,196,178,175,158,163,164,153,159,162,188,180,180,183,216,248,235,292,318,278,293,292,485,405,288,289,306,291,288,278,246,264,289,317,328,270,263,244,253,264,288,294,262,276,253,271,281,291,323,263,298,299,335,359,334,309,292,277,273,294,286,288,329,331,349,292,311,307,302,317,301,311,283,308,331,351,335,292,324,315,320,298,317,335,346,332,291,290,315,314,322,314,330,302,311,319,323,277,318,301,288,298,287,312,375,324,323,299,301,303,328,374,356,356,393,415,380,418,346,321,320,321,340,333,321,373,322,336,366,406,322,333,341,348,315,310,343,332,325,333,327,305,334,317,321,313,373,360,332,356,283,311,302,316,295,318,280,328,289,328,341,308,310,297,324,317,314,351
3e395c6b799d3d8cb7cd501b4503b536
405,394,429,404,397,411,412,455,481,426,398,383,469,538,503,458,456,413,416,408,371,378,337,313,353,362,368,357,353,342,402,359,344,347,364,364,369,588,587,525,401,470,493,384,374,370,331,330,363,401,401,439,433,384,371,355,429,409,386,367,367,333,309,391,344,355,331,346,321,318,370,353,352,511,573,498,391,424,373,377,362,377,386,373,383,315,349,314,367,334,325,376,301,338,342,355,327,348,372,328,440,553,568,491,399,422,438,461,406,522,590,385,359,327,313,307,332,348,359,377,356,350,480,612,586,590,654,455,448,447,403,416,399,478,684,647,521,437,436,417,454,402,357,370,385,372,344,400,360,380,366,368,373,352,409,389,358,408,353,340,789,687,526,523,472,469,429,412,422,399,366,392,399,354,369,437,415,406,346,408,407,372,402
40bbb0da5570702dd6ff3af5e9e3aea6
382,397,397,366,383,360,393,412,406,426,396,441,498,439,469,403,401,371,379,405,391,415,392,391,402,409,401,409,403,439,466,514,502,492,432,406,437,441,433,463,440,418,455,442,460,421,497,490,455,474,464,444,502,509,512,453,498,471,481,462,493,418,402,474,469,476,479,504,472,444,504,462,512,502,474,490,454,514,491,463,536,648,546,464,486,550,619,561,542,544,497,492,507,516,562,506,489,457,482,481,537,493,485,475,422,472,475,525,480,467,505,441,425,498,494,488,463,477,503,496,536,542,512,538,512,481,509,497,523,557,514,539,484,511,525,512,474,500,507,439,469,478,504,510,529,528,425,471,455,541,521,518,532,457,532,534,504,519,544,536,545,539,570,580,597,576,602,570,528,587,618,628,579,638,610,578,634,602,605,596,658,615,608
33fd0a2cfcfd24e114707bba71ca1de9
56,38,62,54,53,50,63,58,57,67,46,58,64,70,54,68,60,47,62,59,54,51,63,59,62,62,56,65,66,75,73,80,86,84,84,71,71,79,78,85,90,80,71,69,98,81,77,83,78,99,87,79,92,82,80,105,87,95,85,96,75,82,84,112,85,77,105,79,81,74,99,70,92,86,79,109,91,101,86,83,97,96,102,102,98,102,83,97,92,79,108,102,88,94,84,89,101,106,83,100,101,101,82,79,99,95,73,89,108,82,96,82,80,99,96,88,96,95,87,102,92,106,95,123,78,96,109,101,101,112,116,102,94,111,101,108,104,97,96,86,103,92,89,86,85,93,99,77,91,106,92,105,106,89,82,95,97,96,101,88,74,99,96,96,107,109,103,104,97,99,101,107,103,105,92,90,110,92,126,162,139,124,112
ca6db6d4f02b7b946c57fc389e67dd7e
88,103,95,99,116,113,96,118,111,97,94,97,107,85,132,106,121,115,91,129,101,106,102,117,113,123,113,103,94,118,144,118,126,115,113,93,118,128,126,117,107,120,111,133,113,171,179,149,130,157,159,156,157,166,154,121,145,153,138,145,130,112,117,133,131,174,130,120,105,146,108,123,132,127,203,154,112,115,117,131,109,92,141,152,125,112,115,136,123,120,126,117,114,106,135,118,140,114,110,137,151,148,176,137,126,183,170,157,130,137,182,149,147,150,148,157,186,180,176,152,151,164,195,158,176,205,203,199,179,201,190,282,243,177,175,166,207,172,148,192,174,161,143,239,235,213,190,255,214,191,185,212,218,247,232,210,207,214,197,211,189,197,201,202,237,193,222,188,215,239,219,227,199,220,191,189,225,254,225,220,203,197,199
97de6333157f35467dff271d7afb0a23
173,208,262,258,297,277,301,257,264,313,352,539,449,336,403,318,296,280,320,312,281,284,288,235,262,245,252,258,212,265,262,283,286,314,271,247,261,262,262,292,286,258,255,273,292,297,315,285,283,260,255,286,311,280,258,277,263,257,254,242,251,241,200,215,213,196,219,221,224,204,199,173,219,213,205,218,186,182,213,201,193,211,203,176,172,192,204,177,185,204,192,153,164,188,175,175,173,167,174,186,195,192,192,180,159,162,177,188,198,185,187,159,135,177,187,157,167,175,162,171,182,178,149,191,168,144,150,158,155,140,148,162,141,145,153,152,154,134,171,120,132,150,172,154,146,167,121,118,133,136,143,160,149,132,129,136,148,145,151,145,132,124,157,149,134,158,153,144,139,133,158,132,130,136,143,124,134,167,166,138,148,136,135
34bc4bc49a725f2686a5cf9c89985798
47,66,54,42,26,23,50,44,29,33,39,26,39,51,53,34,36,37,33,36,63,35,39,37,45,43,43,52,60,53,54,57,39,53,87,59,53,73,67,46,69,93,71,52,62,70,55,54,81,72,63,61,82,40,64,102,84,61,57,49,43,60,97,89,57,72,59,40,58,86,73,54,53,71,54,88,161,152,94,79,78,51,69,86,99,54,61,95,71,72,96,98,68,68,68,53,59,105,82,52,64,72,51,75,91,83,60,75,90,45,61,103,76,49,78,77,51,76,106,147,96,116,110,79,98,97,85,64,102,94,66,82,91,93,64,92,88,70,77,107,67,63,75,84,55,79,96,88,66,88,98,69,85,107,98,56,84,83,72,92,117,104,77,108,106,90,94,138,90,73,96,88,74,79,112,96,83,88,108,55,113,167,127
f5a5373f30de984e9142a206f94a2f46
70,48,45,59,59,65,60,58,53,47,47,61,60,49,50,55,57,55,59,67,69,69,71,75,69,61,77,72,71,70,67,60,85,110,95,101,103,86,88,87,94,94,84,81,98,92,75,99,104,82,74,104,97,96,101,97,87,97,101,91,85,82,87,100,72,89,94,86,107,82,90,86,97,111,113,92,122,92,97,95,96,98,94,99,95,95,91,99,102,96,89,68,94,81,84,93,89,105,80,75,95,88,91,90,84,87,114,92,90,92,97,104,96,90,88,99,88,107,94,84,95,110,129,117,110,76,80,95,104,71,90,109,97,97,97,118,92,91,110,103,98,98,98,115,121,91,99,91,107,115,106,113,109,112,105,116,94,104,109,102,94,112,108,122,130,112,116,114,113,122,122,142,117,125,132,108,149,135,127,136,124,120,104
61dfd882204789d7d0f70fee2b901cef
77,86,94,95,83,88,92,67,57,61,66,85,74,68,84,84,62,53,47,54,51,71,49,47,57,52,58,42,54,50,49,57,63,53,54,44,45,53,49,51,57,58,48,52,49,57,50,51,64,52,61,60,46,57,51,54,44,54,50,60,58,49,42,49,53,53,56,55,36,45,49,30,50,44,51,55,40,39,32,41,44,38,36,42,46,45,45,33,37,43,32,48,39,33,35,40,34,31,34,33,32,48,42,33,30,35,48,41,27,37,35,34,22,27,23,37,43,21,26,32,22,36,26,36,34,29,31,34,35,44,38,35,32,19,34,33,31,35,38,27,33,38,25,23,30,35,30,21,36,39,27,30,28,28,23,22,28,32,24,34,26,33,32,33,41,29,34,35,34,34,29,27,30,28,23,35,26,39,36,31,22,26,28
7e0db58c13d033dafe5f5e1e70ff7eb4
351,328,289,272,286,279,285,300,297,285,298,294,295,270,251,299,293,311,299,310,351,328,302,344,330,318,325,328,309,389,410,447,433,400,409,381,406,400,398,452,425,408,352,400,415,437,440,408,411,428,400,432,461,477,457,430,434,455,437,476,460,403,389,430,471,406,459,459,484,423,458,452,476,494,496,455,430,434,460,434,416,466,461,409,421,440,468,455,461,491,413,422,462,473,510,458,478,483,447,481,513,475,537,520,471,509,554,520,469,488,545,463,401,471,485,535,544,518,492,465,504,500,512,557,482,484,503,488,487,563,540,516,482,482,542,551,505,514,508,449,443,495,445,500,500,490,458,464,455,484,480,499,472,413,388,431,435,446,453,445,433,409,405,427,424,403,422,364,404,406,422,441,455,450,438,429,449,450,453,441,478,517,522
445a257964b9689f115a69e8cc5dcb75
40,33,39,35,35,52,31,36,39,42,34,31,36,46,39,44,45,34,30,45,39,42,28,39,40,43,45,35,38,47,26,36,39,33,39,34,38,38,33,46,28,40,45,47,38,35,41,34,40,41,39,48,52,39,44,51,49,50,46,36,35,46,465,629,430,229,163,136,125,125,131,119,134,106,113,101,98,88,99,98,96,83,98,109,115,106,108,104,134,180,270,340,383,390,360,341,317,296,306,318,282,273,283,275,233,242,231,227,210,213,190,206,155,170,189,158,162,170,140,142,155,167,158,169,149,155,141,135,149,141,137,152,123,155,131,128,134,129,129,108,123,112,114,140,138,142,140,119,151,126,117,121,124,122,107,123,139,134,109,117,108,125,94,107,126,102,92,92,108,120,94,109,116,109,101,104,98,93,92,103,125,118,94
1339f978614ff19cd48f07e5420556d4
33,27,34,34,36,27,27,26,34,29,31,27,28,31,29,23,32,32,28,31,38,36,19,28,35,34,21,30,47,42,37,54,36,47,49,45,42,51,41,43,50,48,49,56,48,40,34,46,56,51,42,44,53,32,57,57,57,58,57,48,48,67,54,53,37,37,38,47,42,46,39,35,48,42,52,43,40,52,33,39,57,48,38,32,45,53,40,43,42,43,51,39,43,40,42,49,46,49,45,48,40,49,38,43,46,45,40,41,40,45,51,52,43,37,46,44,54,47,57,47,55,48,52,62,51,42,51,60,59,48,51,49,53,53,59,59,53,44,59,41,47,45,45,45,43,45,48,44,40,48,43,44,43,61,49,46,47,43,46,51,37,44,41,46,45,44,44,41,47,40,46,45,40,41,50,44,58,44,35,51,43,53,50
b7522cc91cf57ada15de2298bfd6a3ee
206,206,199,195,213,202,196,212,212,193,211,218,195,210,218,203,217,190,220,216,191,182,190,205,205,189,215,210,201,200,248,230,239,247,240,214,212,246,247,264,249,217,208,193,235,233,244,203,217,233,243,235,246,236,238,237,225,237,227,215,252,202,195,210,218,217,209,209,237,209,197,237,262,788,1120,877,525,415,345,347,375,355,374,323,350,344,331,331,353,357,288,265,264,299,282,254,249,236,265,270,288,230,199,239,223,238,213,253,248,243,228,210,203,230,225,229,236,230,220,240,234,239,241,238,231,235,209,227,237,242,232,216,227,220,228,236,280,249,250,196,237,255,216,246,244,311,468,418,415,389,395,393,389,442,367,393,381,390,366,371,337,324,335,366,362,318,338,306,335,347,320,309,305,301,297,324,279,307,340,334,312,315,288
